-0.545868443855 -0.512508986523 0.662844009354
0.225324674871 0.973055080275 -0.0489142274317
0.160039948865 -0.495067825926 -0.853987741422
0.974234514005 -0.0467096550041 -0.220647501347
0.396297377102 0.427841083139 -0.812342536422
0.707919998972 0.424877770718 0.564205773636
-0.989830116395 -0.116107759875 -0.0821908071181
-0.430516640326 -0.8777056837 -0.210447511752
0.394458371393 -0.442879265289 0.805146290816
-0.654182633676 0.7230801711 0.221811063651
-0.548653528961 0.469935633231 -0.691476540295
0.508393506207 -0.859959739714 -0.044780452403
-0.164855115655 0.318718679385 0.93340301813
