0.961884352237 -0.111337976138 -0.249764585143
0.740334134006 0.490153419196 0.460059774025
-0.651234965348 -0.42315223607 0.629948573311
0.450752696726 0.567017482801 -0.689429605247
-0.884386830204 -0.361266378729 -0.295544477467
0.303572954311 -0.610985541947 -0.73112251295
-0.329456301624 0.0744750921062 -0.941228987004
-0.210066455248 -0.977607832251 -0.0124503293274
0.0367251103668 0.99767206982 0.0574604852885
-0.532735507349 0.525298110164 0.66351697391
0.593154399182 -0.687849584819 0.418366833527
-0.765887402416 0.587183976136 -0.261976077131
0.156114948311 -0.0544108668543 0.986239109183
