-0.519910521543 -0.403949530691 0.752673784746
0.561343855654 0.51427103966 -0.648396771651
-0.0893721055884 0.905297716695 0.415269395561
-0.655181381126 0.383234395026 0.651052038085
0.377067528074 -0.549676238381 0.74543685999
-0.0862208017461 0.916853427058 -0.389802214767
0.989040487442 0.0724061458216 -0.128671147688
-0.984554819451 -0.126052386789 0.121501453824
0.607664441611 -0.284131050438 -0.741628931865
-0.0461399383471 0.113220521186 -0.992497969606
0.642847003509 0.757334038349 0.114860282242
0.737446202405 -0.674428653681 0.0363192738267
0.138313238696 -0.875786769046 -0.462457547419
-0.151446055573 -0.946356685178 0.285434960491
-0.634527147589 -0.706890968475 -0.312538729858
0.0315582643321 0.135112486935 0.990327567942
0.754984452927 0.154123307307 0.637373110496
-0.765168498302 0.0153162723905 -0.643647870351
-0.778996365664 0.617432202595 -0.109280087308
