0.525971692868 0.274106965513 -0.805120580881
-0.209262465959 -0.973590034724 0.0912779525813
-0.83634446386 -0.488646610372 0.248500358032
0.189967489648 -0.767897619756 -0.611756159307
-0.79527272358 0.171013115856 -0.581632022274
-0.34985170027 0.748135401341 0.563823739372
-0.927836117466 0.313016937895 0.20283129866
-0.15625343541 -0.122203601537 -0.980128126162
-0.548015117371 -0.0148991978124 0.836335725076
0.847050611592 -0.101396361156 0.521750936123
-0.495006086787 0.836487249845 -0.235070319034
0.305229723016 0.892027469453 -0.333349381173
0.226984670104 0.179772544074 0.957162364458
-0.601432337469 -0.610725800043 -0.515066151682
0.569463562562 -0.794244133046 0.211866722341
0.450760877627 0.769673336477 0.452125631121
0.0214589326206 -0.616815700207 0.786815039377
0.849168763899 -0.345584817072 -0.399353908992
0.908318937187 0.404824628569 -0.105231784422
