0.301439426161 -0.900009229671 0.314829571138
-0.896976225611 0.144290061539 -0.417868434833
-0.495803611368 -0.490618741099 -0.716569626649
-0.331773872974 -0.606610800204 0.722460680098
-0.817043439429 0.486050475978 0.310153112007
0.495885486563 0.422143039168 -0.75887603645
-0.278164621843 0.259350713436 -0.924857638015
0.376086918394 -0.254790035834 0.890865123042
0.893945186634 -0.3515733735 0.2779535327
0.207133607417 -0.833321775676 -0.512513889434
0.339599938601 0.928720697465 -0.148827913384
-0.43991592994 0.824709804236 -0.355426101155
0.924040777276 0.374859815578 -0.0750250664497
-0.344499946818 0.19103486334 0.919143877546
0.802810879109 -0.287177671656 -0.522516676563
0.583482474306 0.488017206778 0.649143595875
-0.916647298878 -0.313575577711 0.247846901378
-0.432624012886 -0.901272446776 -0.0233332414448
-0.124285979329 0.852021470991 0.5085394855
