-0.326714273986 0.754969494611 0.568576156184
0.0787951340592 -0.787459187306 -0.611309541212
-0.90844422335 0.394611047856 0.137881158874
0.334322933245 0.932293002831 0.138050473304
-0.328146556513 -0.942024632717 0.0700673162247
0.970776072381 -0.234911474029 0.0490959943638
0.477404431118 -0.874388561369 0.0867735725605
-0.2224357878 -0.578699466925 0.784620447915
0.673178309967 -0.228146837571 -0.703405987675
0.823654101108 0.472967330551 -0.312883086727
-0.861061537814 -0.390361046546 0.325870037649
-0.0925404686356 -0.0945753709475 -0.991207223982
0.561982156584 -0.390624319696 0.729101293747
0.0309195996546 0.162186766353 0.98627553512
-0.715482828041 0.281983003847 -0.639194734271
0.166226734026 0.634167740204 -0.755115852157
-0.38681070166 0.894125839916 -0.225646767041
-0.678039158537 -0.517199717588 -0.522271339074
0.755893149883 0.3710660096 0.539384429214
