0.742253407609 0.641980407521 0.192148471895
-0.462625039859 0.349073412 0.814939154496
-0.730568933622 0.671515108142 0.123840594165
0.150167243086 -0.945444050509 -0.289111304622
0.830863360915 -0.518083181231 -0.203115466707
-0.390983747211 -0.135474806546 -0.910372608446
-0.4578877727 0.621710238366 -0.635464528611
0.833859366866 0.233712326977 -0.500057101249
0.299580585158 0.838603229932 -0.454968235972
-0.369460824648 -0.846540299977 0.383233896681
0.389224317799 -0.339732029536 -0.856204752697
0.433428435417 -0.780881449819 0.449848810935
-0.879604935441 -0.220700572929 0.42141003151
-0.939352418839 0.0434504200166 -0.340189791471
-0.614145088952 -0.695866809144 -0.372283754209
0.00169612650047 0.942214890177 0.335004811731
-0.0230289001611 -0.327552259112 0.944552374042
0.86728963385 -0.0999162887368 0.487673483247
0.343462435071 0.396935062623 0.851161624931
