-0.437058582214 -0.896967580183 -0.0665504005507
-0.847038801763 -0.367956352812 0.38357970584
0.4177778042 -0.20402655822 0.885344492195
-0.212279213822 0.952050059792 0.220313910205
-0.382188028673 0.00936753914181 0.924037098795
-0.160606640194 -0.723761463474 0.671099732614
0.103878386407 0.850996229493 -0.514795783031
-0.915780559026 -0.120053381959 -0.383318605328
-0.339891678118 -0.528913528993 -0.777640100557
0.35423237583 -0.931204119219 0.085897102771
-0.66405767814 0.647253666349 -0.374286109148
0.189599202579 0.565186011359 0.80288038645
0.57649804697 0.805495426645 0.137211950988
-0.239155387687 0.255352451889 -0.936802981344
0.871960415395 -0.41659614833 -0.25716275621
0.40194831823 -0.231424905212 -0.885934570225
0.930382462731 0.11232630499 0.348957410366
-0.809717282133 0.437716054464 0.39084853675
0.796567927425 0.351345965956 -0.491971085741
