-0.689014131945 0.724614364031 0.013912203966
0.713355693491 0.577833197265 0.396525472955
0.673581374901 -0.161405208773 0.721274212742
-0.0325820782812 0.906215443843 -0.421558984622
-0.989845732331 -0.00938850877659 -0.141835404921
-0.0928555472374 -0.23583898221 0.967345761255
0.705552449698 0.576700471634 -0.411840147075
0.183215940541 0.267746836438 -0.945908849049
0.644581963468 -0.342103847096 -0.683724396357
0.629429359521 -0.756808063088 0.176239147232
-0.349540456218 -0.371859615533 -0.859966217826
-0.751960995403 -0.395540444642 0.527354167562
-0.0293478506754 0.892557697811 0.449977176908
0.112975943231 -0.895746954357 -0.429969568705
-0.576172716748 0.367218422433 0.730188763746
0.99796549396 -0.0625071436408 -0.0125590548612
-0.128483998827 -0.898686125518 0.419350819538
-0.581532016702 0.389850620291 -0.714028716096
-0.6449365027 -0.738448002167 -0.196853893994
