-1.75607918208 -0.30274175076 -0.277731796051 -1.75607918208 -0.30274175076 -0.277731796051
-0.506033771095 -0.690658169773 0.174519554012 -0.506033771095 -0.690658169773 0.174519554012
-1.16367475789 3.71103854154 0.118221459175 -1.16367475789 3.71103854154 0.118221459175
-3.20386424828 -3.62173353457 -3.36996156244 -3.20386424828 -3.62173353457 -3.36996156244
-2.27175797917 8.46827971088 7.64478719638 -2.27175797917 8.46827971088 7.64478719638
-2.05821669956 0.27384725481 -2.76689672705 -2.05821669956 0.27384725481 -2.76689672705
-1.50096088321 -2.26672115554 2.07977982099 -1.50096088321 -2.26672115554 2.07977982099
1.81790315286 -5.41029439663 1.04337600247 1.81790315286 -5.41029439663 1.04337600247
-1.74790105063 2.14045279438 0.444622323508 -1.74790105063 2.14045279438 0.444622323508
-1.42975265636 -2.79186617016 -4.43574440976 -1.42975265636 -2.79186617016 -4.43574440976
-0.433410085356 1.17506775912 1.08504591049 -0.433410085356 1.17506775912 1.08504591049
-4.45023074024 3.04566038573 1.13518237845 -4.45023074024 3.04566038573 1.13518237845
5.60347472272 2.84544306542 3.44778427555 5.60347472272 2.84544306542 3.44778427555
-0.905726278503 0.710491768466 2.20845555066 -0.905726278503 0.710491768466 2.20845555066
1.33693536243 1.68433503281 -3.05450405035 1.33693536243 1.68433503281 -3.05450405035
-0.247968744173 1.39250441403 0.702635076023 -0.247968744173 1.39250441403 0.702635076023
0.164388386535 -7.08386437109 -1.7544192644 0.164388386535 -7.08386437109 -1.7544192644
-0.704013276024 2.09684093198 -0.44111712067 -0.704013276024 2.09684093198 -0.44111712067
2.11227990154 4.29192980072 2.06895970075 2.11227990154 4.29192980072 2.06895970075
-0.593925189378 -1.57172062816 2.6562566497 -0.593925189378 -1.57172062816 2.6562566497
0.476734523272 -3.12713024156 1.80562725177 0.476734523272 -3.12713024156 1.80562725177
-1.41046005443 -0.925047883345 2.97028714565 -1.41046005443 -0.925047883345 2.97028714565
-0.897671134078 -2.19113453609 1.96418962085 -0.897671134078 -2.19113453609 1.96418962085
4.85243198592 1.18698817279 4.61565410957 4.85243198592 1.18698817279 4.61565410957
-4.3202530397 -4.11161274097 0.59036138049 -4.3202530397 -4.11161274097 0.59036138049
0.696156039505 2.20608190046 0.558344978057 0.696156039505 2.20608190046 0.558344978057
-2.96373903449 2.36555412187 -1.45221861091 -2.96373903449 2.36555412187 -1.45221861091
1.40035822787 0.517608351583 -2.80837902767 1.40035822787 0.517608351583 -2.80837902767
-4.87858220443 2.29713288664 2.1251107612 -4.87858220443 2.29713288664 2.1251107612
1.17239750042 0.320418766314 -1.32911566773 1.17239750042 0.320418766314 -1.32911566773
-0.735581142789 0.595366433782 -0.740358583597 -0.735581142789 0.595366433782 -0.740358583597
-0.0900331668049 -5.16750499061 -1.05248945539 -0.0900331668049 -5.16750499061 -1.05248945539
-4.10394259035 1.71193030489 2.15702163187 -4.10394259035 1.71193030489 2.15702163187
1.92848526823 -2.55682353912 -2.27724460352 1.92848526823 -2.55682353912 -2.27724460352
-3.74867944959 -4.58529617202 3.55560965071 -3.74867944959 -4.58529617202 3.55560965071
2.29230857944 -3.19036398553 -4.00941004456 2.29230857944 -3.19036398553 -4.00941004456
-0.170938039723 -9.38919192902 -0.530923412889 -0.170938039723 -9.38919192902 -0.530923412889
-2.54261935028 -0.98537524198 -0.481560159042 -2.54261935028 -0.98537524198 -0.481560159042
-0.826755113082 2.92071194811 1.61434124854 -0.826755113082 2.92071194811 1.61434124854
-3.17791940602 -1.58102940971 4.48438058717 -3.17791940602 -1.58102940971 4.48438058717
-3.70192404547 2.02057237796 -0.354226143667 -3.70192404547 2.02057237796 -0.354226143667
4.14037495101 2.41425953132 -2.82509370696 4.14037495101 2.41425953132 -2.82509370696
-0.305949123555 -4.63030623601 -2.21381501131 -0.305949123555 -4.63030623601 -2.21381501131
0.152991749361 -1.82303221286 1.64456536348 0.152991749361 -1.82303221286 1.64456536348
-0.701119491259 -2.69795272812 -2.51286977144 -0.701119491259 -2.69795272812 -2.51286977144
-5.44203078092 -1.27980316874 -3.00007461162 -5.44203078092 -1.27980316874 -3.00007461162
-2.75516465678 2.52521590765 -0.864089289955 -2.75516465678 2.52521590765 -0.864089289955
0.745092023408 1.38960144879 -5.85304563799 0.745092023408 1.38960144879 -5.85304563799
0.346688715848 3.85707002167 -0.424455688565 0.346688715848 3.85707002167 -0.424455688565
-0.510519423283 2.02301247546 2.27032613948 -0.895941306529 2.07511574118 2.19381364773
4.01905586922 2.83747410402 7.51602162134 4.01905586922 2.83747410402 7.51602162134
-2.78041370999 3.57131300073 1.75201203737 -2.78041370999 3.57131300073 1.75201203737
-3.49489519968 -3.44426262252 5.65465002785 -3.49489519968 -3.44426262252 5.65465002785
1.90456817866 -1.89840776803 -0.335435436757 1.90456817866 -1.89840776803 -0.335435436757
-0.7020736695 1.26220479779 2.30375574199 -0.7020736695 1.26220479779 2.30375574199
1.59572660153 -4.35630782107 -0.723742180824 1.59572660153 -4.35630782107 -0.723742180824
-4.86643038805 1.77900949932 1.1312046431 -4.86643038805 1.77900949932 1.1312046431
0.322234348493 0.492089125845 -3.18825544461 0.322234348493 0.492089125845 -3.18825544461
2.5184551045 1.87746896064 3.27632311038 2.5184551045 1.87746896064 3.27632311038
-1.66988713692 -6.55817695261 -2.9879522078 -1.66988713692 -6.55817695261 -2.9879522078
1.22866437027 1.88455235324 -2.94904642384 1.22866437027 1.88455235324 -2.94904642384
2.12864949219 -4.09756256878 1.36209648238 2.12864949219 -4.09756256878 1.36209648238
-5.55883981533 2.40031901645 0.432707173998 -5.55883981533 2.40031901645 0.432707173998
-1.41980804024 -0.464290371134 8.90896866361 -1.41980804024 -0.464290371134 8.90896866361
-1.83354611374 -3.80779784349 2.95520126992 -1.83354611374 -3.80779784349 2.95520126992
-2.28032131368 -0.0202051283617 1.08267057638 -2.28032131368 -0.0202051283617 1.08267057638
-0.206268864979 -0.670708249618 -0.546941054876 -0.140164330572 -0.139634382264 -0.677939587994
2.01387430592 4.42414599963 -1.44949306098 2.01387430592 4.42414599963 -1.44949306098
-0.0420824064594 -3.0029246834 1.61477001185 -0.0420824064594 -3.0029246834 1.61477001185
-0.64674514137 6.29332711336 0.101285791101 -0.64674514137 6.29332711336 0.101285791101
0.124327814191 -0.917317842856 -1.92908233376 0.124327814191 -0.917317842856 -1.92908233376
1.76090424458 0.956271328818 1.14706679123 1.76090424458 0.956271328818 1.14706679123
2.92707702317 0.892350610813 -1.59950178236 2.92707702317 0.892350610813 -1.59950178236
2.42665499124 1.34430991329 -0.79144392437 2.42665499124 1.34430991329 -0.79144392437
-1.61297530438 1.04223239899 -1.94234596193 -1.61297530438 1.04223239899 -1.94234596193
-0.527835314515 1.77864150183 1.15154089691 -0.527835314515 1.77864150183 1.15154089691
3.32104092762 1.28165108458 -1.30139713937 3.32104092762 1.28165108458 -1.30139713937
2.36173560778 2.0704146867 2.87059012887 2.36173560778 2.0704146867 2.87059012887
-1.98510805986 -4.23173304524 -0.0119301662374 -1.98510805986 -4.23173304524 -0.0119301662374
0.235834632948 -3.90433046184 -1.05430586167 0.235834632948 -3.90433046184 -1.05430586167
-0.129143993 -1.91874124154 3.5856422864 -0.129143993 -1.91874124154 3.5856422864
1.08708230316 4.0087425738 -3.09739757034 1.08708230316 4.0087425738 -3.09739757034
8.09956538406 0.920684685154 5.08628960296 8.09956538406 0.920684685154 5.08628960296
1.4133926393 1.75159578047 4.20258526178 1.4133926393 1.75159578047 4.20258526178
-2.75171201618 2.91688906599 -3.084463462 -2.75171201618 2.91688906599 -3.084463462
3.78345323953 -1.91018487649 -3.85070431138 3.78345323953 -1.91018487649 -3.85070431138
3.65243050655 1.98823855124 3.32048058875 3.65243050655 1.98823855124 3.32048058875
0.919863373251 -3.57559174205 -5.36309921067 0.919863373251 -3.57559174205 -5.36309921067
-2.73016622517 -2.05312378629 -0.074763216082 -2.73016622517 -2.05312378629 -0.074763216082
-1.77952610898 0.668711105585 2.43721941989 -1.77952610898 0.668711105585 2.43721941989
1.56302973946 -0.566115509127 0.482943744687 1.56302973946 -0.566115509127 0.482943744687
-1.20281724198 1.50372953203 1.13540823388 -1.20281724198 1.50372953203 1.13540823388
1.09265445928 3.29485729179 4.04764568941 1.09265445928 3.29485729179 4.04764568941
-0.514178418844 -0.324789935635 1.5596918165 -0.611254346219 -0.433582247847 1.64788844348
-3.3789040132 -1.88993375126 0.989854389278 -3.3789040132 -1.88993375126 0.989854389278
-2.52370771951 1.21232113837 -0.759563695637 -2.5655710402 1.36188407448 -0.632061710248
-1.50342711845 -1.40363776728 3.73353843323 -1.50342711845 -1.40363776728 3.73353843323
-2.80642171217 -4.04953071255 0.89434127269 -2.80642171217 -4.04953071255 0.89434127269
0.394294974327 -2.77827800223 -1.54738035802 0.394294974327 -2.77827800223 -1.54738035802
2.01403567975 2.78602882015 -0.797735405237 2.01403567975 2.78602882015 -0.797735405237
-0.166846754065 4.83790352249 -0.903871049208 -0.166846754065 4.83790352249 -0.903871049208
-0.487227217762 -0.371912951417 -0.987728850405 -0.487227217762 -0.371912951417 -0.987728850405
-2.7065670969 -0.304827065371 2.28108116522 -2.7065670969 -0.304827065371 2.28108116522
2.48437605718 -4.96656688688 0.857115378459 2.48437605718 -4.96656688688 0.857115378459
1.89719008556 2.07890993303 1.48725392772 1.89719008556 2.07890993303 1.48725392772
0.497417580876 -0.0553251818579 -3.96788802491 0.497417580876 -0.0553251818579 -3.96788802491
-2.20634783634 -0.520974907373 4.42810382411 -2.20634783634 -0.520974907373 4.42810382411
-3.25993541501 1.72052065389 0.851266562095 -3.25993541501 1.72052065389 0.851266562095
1.57051884646 -0.457993949856 -5.75348707607 1.52889239723 -0.546381921697 -6.21649548931
1.55019395441 1.02407653665 -0.210804388854 1.55019395441 1.02407653665 -0.210804388854
-5.44611432174 -0.155831843864 -2.90934677659 -5.44611432174 -0.155831843864 -2.90934677659
0.690250684927 -0.94733350992 -4.78032784647 0.690250684927 -0.94733350992 -4.78032784647
-2.60774460256 3.22666189722 -0.453831990295 -2.60774460256 3.22666189722 -0.453831990295
5.58541699165 -4.25788357742 4.79820896159 5.58541699165 -4.25788357742 4.79820896159
2.62718378819 3.50171385566 1.0627711106 2.62718378819 3.50171385566 1.0627711106
-2.5655710402 1.36188407448 -0.632061710248 -2.52370771951 1.21232113837 -0.759563695637
-1.7222112875 3.26131564433 -0.976284888883 -1.7222112875 3.26131564433 -0.976284888883
-0.703276948964 -1.74227215452 -0.718628321717 -0.86571024571 -1.54305703925 -1.00028415468
-3.26165915573 -0.187730477167 -0.516656696555 -3.26165915573 -0.187730477167 -0.516656696555
1.27150011592 0.402764993476 3.11382119218 1.27150011592 0.402764993476 3.11382119218
0.434720838151 -0.662655553908 -1.11698336455 0.434720838151 -0.662655553908 -1.11698336455
-3.5261224653 2.23106865239 -1.25065510871 -3.5261224653 2.23106865239 -1.25065510871
-0.511886262681 -1.45213146761 7.32007010226 -0.511886262681 -1.45213146761 7.32007010226
0.297729467364 2.87686454948 1.36005501123 0.297729467364 2.87686454948 1.36005501123
-1.22705507524 -1.81281684182 -0.0605067579069 -1.22705507524 -1.81281684182 -0.0605067579069
-0.625413872995 0.215220721924 -1.91882313034 -0.625413872995 0.215220721924 -1.91882313034
6.81370091153 4.2174964709 2.70888850794 6.81370091153 4.2174964709 2.70888850794
0.43870861383 1.3189150889 2.07343890166 0.43870861383 1.3189150889 2.07343890166
5.02895059767 1.50950321532 0.590798327995 5.02895059767 1.50950321532 0.590798327995
-0.632089476527 -0.286895212836 0.606837923367 -0.632089476527 -0.286895212836 0.606837923367
-2.49397253206 4.70795698772 4.30547898654 -2.49397253206 4.70795698772 4.30547898654
3.35837083111 0.277885576618 2.31426588449 3.35837083111 0.277885576618 2.31426588449
-0.713171476535 -0.49540979538 -1.95448247702 -0.713171476535 -0.49540979538 -1.95448247702
-2.16525994326 2.24339356638 -1.80162743059 -2.16525994326 2.24339356638 -1.80162743059
-0.964747369382 -0.180931932913 2.11965579141 -0.964747369382 -0.180931932913 2.11965579141
-2.25086929489 -0.890082221037 1.09794299606 -2.25086929489 -0.890082221037 1.09794299606
3.53173626457 3.36060284634 1.05562249944 3.53173626457 3.36060284634 1.05562249944
7.89364434965 -1.06268593874 2.2899217216 7.89364434965 -1.06268593874 2.2899217216
-0.145966895393 -0.395588920198 0.507801884279 -0.145966895393 -0.395588920198 0.507801884279
-1.08020676441 1.25385276523 5.81982728922 -1.08020676441 1.25385276523 5.81982728922
-1.67224582751 -1.16566578077 -2.32595644428 -1.67224582751 -1.16566578077 -2.32595644428
-1.60107314986 0.570775035588 1.85081757145 -1.60107314986 0.570775035588 1.85081757145
0.779352150477 -0.0920959069506 3.69833789106 0.779352150477 -0.0920959069506 3.69833789106
2.97016843099 -1.70812677242 -0.465360966504 2.97016843099 -1.70812677242 -0.465360966504
-1.34922831611 5.72611514498 -0.550290125352 -1.34922831611 5.72611514498 -0.550290125352
3.85324513368 -1.78153026194 -0.207329698425 3.85324513368 -1.78153026194 -0.207329698425
-1.23061038635 2.81397587217 0.16136943231 -1.23061038635 2.81397587217 0.16136943231
-1.1664126825 -2.29068666187 2.88460419194 -1.1664126825 -2.29068666187 2.88460419194
0.666978526698 0.404555199153 -2.69078356565 0.789090092655 0.8781572992 -3.04983184745
-0.478657083745 -0.108424950147 2.87010590787 -0.478657083745 -0.108424950147 2.87010590787
0.225001167614 0.946691672886 -0.480955966959 0.225001167614 0.946691672886 -0.480955966959
-3.39518425156 -2.2116317042 -4.47683944002 -3.39518425156 -2.2116317042 -4.47683944002
-2.15463910102 -0.837134707778 1.17454314739 -2.15463910102 -0.837134707778 1.17454314739
0.620377157543 1.02267321673 2.34155589297 0.620377157543 1.02267321673 2.34155589297
1.48927538832 0.866014277539 -2.57063727671 1.48927538832 0.866014277539 -2.57063727671
-0.0175328677501 -1.43762098032 -4.73469927253 -0.0175328677501 -1.43762098032 -4.73469927253
-2.09325397538 1.37524640732 -0.745992127976 -2.09325397538 1.37524640732 -0.745992127976
-5.41325465009 -4.02407085301 3.2142893485 -5.41325465009 -4.02407085301 3.2142893485
2.30039392093 4.82374487138 4.07424470786 2.30039392093 4.82374487138 4.07424470786
-0.764808814568 0.526729869191 3.54042511158 -0.764808814568 0.526729869191 3.54042511158
-1.10346714646 0.632263626453 -2.75865471666 -1.10346714646 0.632263626453 -2.75865471666
-2.0950344494 1.65110258067 -5.32257518299 -2.0950344494 1.65110258067 -5.32257518299
2.07061247209 1.75283038386 4.7848985371 2.07061247209 1.75283038386 4.7848985371
0.896033271079 -2.57211467518 0.611912453567 0.896033271079 -2.57211467518 0.611912453567
3.15429121707 1.15877551374 0.600923182929 3.15429121707 1.15877551374 0.600923182929
2.00027637303 0.259154313086 3.46445936676 2.00027637303 0.259154313086 3.46445936676
-1.54329727311 -1.66547600145 0.0595337858566 -1.54329727311 -1.66547600145 0.0595337858566
-0.73361397854 -3.66876216382 1.48501660918 -0.73361397854 -3.66876216382 1.48501660918
1.81986125397 4.04257955233 3.01784765865 1.81986125397 4.04257955233 3.01784765865
-2.20861381215 1.3721008889 -3.43888088247 -2.20861381215 1.3721008889 -3.43888088247
-0.071447311168 0.729634644758 -1.90873430034 -0.071447311168 0.729634644758 -1.90873430034
1.52889239723 -0.546381921697 -6.21649548931 1.57051884646 -0.457993949856 -5.75348707607
0.87823186447 0.431593216043 -0.886109680803 0.87823186447 0.431593216043 -0.886109680803
-0.480145004116 2.41901289241 -1.78033813849 -0.480145004116 2.41901289241 -1.78033813849
-6.19456523737 2.5758368954 0.760705204034 -6.19456523737 2.5758368954 0.760705204034
-0.0404617019434 2.74603642283 -1.32809023628 -0.0404617019434 2.74603642283 -1.32809023628
0.93190851749 0.273343276115 0.426175440538 0.93190851749 0.273343276115 0.426175440538
0.848113748316 0.825334932667 -2.96309162596 0.666978526698 0.404555199153 -2.69078356565
2.86150313528 4.76537646186 -4.05108763566 2.86150313528 4.76537646186 -4.05108763566
-0.890994253341 -2.12540059371 1.48408604907 -0.890994253341 -2.12540059371 1.48408604907
2.31994637514 2.73939099538 7.01429592913 2.31994637514 2.73939099538 7.01429592913
0.128902189053 -2.31737860591 -3.20974553931 0.128902189053 -2.31737860591 -3.20974553931
2.87351083284 2.3880947181 3.83194099417 2.87351083284 2.3880947181 3.83194099417
-1.55004419813 2.0960722009 2.16412134943 -1.55004419813 2.0960722009 2.16412134943
-0.234528367284 3.71934764763 0.892831208556 -0.234528367284 3.71934764763 0.892831208556
-3.77940750802 -1.5288365018 1.20749352197 -3.77940750802 -1.5288365018 1.20749352197
0.0193125056804 -0.388066552166 0.717108604426 0.0193125056804 -0.388066552166 0.717108604426
-0.925778822743 -2.41454785954 2.9078473794 -0.925778822743 -2.41454785954 2.9078473794
0.199693544348 0.752487027812 3.09084233086 0.199693544348 0.752487027812 3.09084233086
-5.5208675803 1.60196658056 -2.24964280024 -5.5208675803 1.60196658056 -2.24964280024
0.370470069463 -1.9962733073 2.54404677084 0.370470069463 -1.9962733073 2.54404677084
-1.36301388761 -0.568406613781 1.17000170462 -1.36301388761 -0.568406613781 1.17000170462
0.729971638886 3.07785234893 -5.70573136486 0.729971638886 3.07785234893 -5.70573136486
-3.33287920452 0.899107254813 -0.237109706084 -3.33287920452 0.899107254813 -0.237109706084
-0.895941306529 2.07511574118 2.19381364773 -0.510519423283 2.02301247546 2.27032613948
-2.05370602615 1.12554522444 -2.00496216809 -2.05370602615 1.12554522444 -2.00496216809
-1.00119883976 1.47783104903 0.745319948885 -1.00119883976 1.47783104903 0.745319948885
0.339925919088 3.23245378021 -0.61525180419 0.339925919088 3.23245378021 -0.61525180419
-0.68584895218 -0.990080931028 -0.510807620405 -0.68584895218 -0.990080931028 -0.510807620405
3.24220935514 -0.208702573749 0.758904858172 3.24220935514 -0.208702573749 0.758904858172
-1.73908568617 2.2353860318 -1.69060627204 -1.73908568617 2.2353860318 -1.69060627204
-1.77922422711 -3.12281054897 2.06199744794 -1.77922422711 -3.12281054897 2.06199744794
0.138000033555 5.27543362695 -3.75008894749 0.138000033555 5.27543362695 -3.75008894749
-1.66477729602 -0.0720333220066 1.00612607269 -1.79293875751 -0.469922859105 0.908557438485
-6.78629906859 -2.48997719198 -1.27566803921 -6.78629906859 -2.48997719198 -1.27566803921
-2.73446610651 0.72131095454 -0.90292707011 -2.73446610651 0.72131095454 -0.90292707011
0.544198337006 0.82056280592 0.979030511177 0.544198337006 0.82056280592 0.979030511177
-2.48934565108 0.802870071106 -0.0614278404731 -2.48934565108 0.802870071106 -0.0614278404731
3.57922027117 -0.121632225139 -3.41362144061 3.28277826286 -0.142152544642 -3.1441055102
-2.14340342025 0.751333754251 -2.15031392524 -2.14340342025 0.751333754251 -2.15031392524
-1.66080698119 -0.480985656687 -1.49952123376 -1.66080698119 -0.480985656687 -1.49952123376
-2.85948582936 0.765075165453 3.27412838708 -2.85948582936 0.765075165453 3.27412838708
4.87218997075 2.27460105761 2.35802994106 4.87218997075 2.27460105761 2.35802994106
4.05338992893 -2.7848812894 -1.83910740133 4.05338992893 -2.7848812894 -1.83910740133
-1.11417790011 -2.2687488538 -5.02862807453 -1.11417790011 -2.2687488538 -5.02862807453
-1.04390577511 -4.58004169524 0.00548650000734 -1.04390577511 -4.58004169524 0.00548650000734
2.38412114754 -1.35372678638 -1.46736561358 2.38412114754 -1.35372678638 -1.46736561358
-4.47042779508 0.770416936048 -1.13373617102 -4.47042779508 0.770416936048 -1.13373617102
-0.0209025993836 0.297372639608 -5.04838006708 -0.0209025993836 0.297372639608 -5.04838006708
-1.54366326893 1.48653202578 -1.60271512216 -1.54366326893 1.48653202578 -1.60271512216
1.26328965106 -2.70868590699 0.542401974982 1.26328965106 -2.70868590699 0.542401974982
3.31459387735 -3.71078855349 1.87329156165 3.31459387735 -3.71078855349 1.87329156165
0.337196378894 -0.132362162774 0.334053393523 0.337196378894 -0.132362162774 0.334053393523
-3.14235716823 0.570211019549 0.33185035638 -3.14235716823 0.570211019549 0.33185035638
0.208891643212 2.75180128139 -1.78843509611 0.208891643212 2.75180128139 -1.78843509611
-0.255975960513 3.11906680785 -7.49375320114 -0.255975960513 3.11906680785 -7.49375320114
-2.57391625687 -1.74947937074 -0.757114578957 -2.57391625687 -1.74947937074 -0.757114578957
0.838666376026 0.113736276719 -2.69344982278 0.838666376026 0.113736276719 -2.69344982278
-0.350236531084 2.49980592839 -0.452149539815 -0.350236531084 2.49980592839 -0.452149539815
-4.471994728 -0.233745482242 3.55669817761 -4.471994728 -0.233745482242 3.55669817761
-2.85691562943 0.367205558159 -0.914485077879 -2.85691562943 0.367205558159 -0.914485077879
2.27216064968 0.0103615200554 1.18814376906 2.27216064968 0.0103615200554 1.18814376906
3.3555291262 1.57298967577 0.274133395991 3.3555291262 1.57298967577 0.274133395991
3.17685608191 -2.59213644164 -0.32269959942 3.17685608191 -2.59213644164 -0.32269959942
-0.238845403766 -1.86893482833 -2.68510317566 -0.238845403766 -1.86893482833 -2.68510317566
-2.94707152333 -1.87547957307 3.62920319324 -2.94707152333 -1.87547957307 3.62920319324
0.547907071214 -3.46288797982 -0.0349804755848 0.547907071214 -3.46288797982 -0.0349804755848
1.52999565931 0.635931143306 0.268025162024 1.52999565931 0.635931143306 0.268025162024
0.0302913165804 -2.88092650547 2.42914113654 0.0302913165804 -2.88092650547 2.42914113654
-0.609532171342 0.49711667764 2.22697404483 -0.609532171342 0.49711667764 2.22697404483
0.00661085025355 4.87735260892 -2.52877470251 0.00661085025355 4.87735260892 -2.52877470251
-0.39867988402 1.76330600862 2.35015984708 -0.39867988402 1.76330600862 2.35015984708
2.01612822164 3.41139939134 1.54527338077 2.01612822164 3.41139939134 1.54527338077
2.69664884693 1.67657358048 1.57816812189 2.69664884693 1.67657358048 1.57816812189
-0.611254346219 -0.433582247847 1.64788844348 -0.514178418844 -0.324789935635 1.5596918165
-2.91560337413 -0.9171352438 -0.982466229252 -2.91560337413 -0.9171352438 -0.982466229252
-4.54407542554 2.17014739259 3.03376922983 -4.54407542554 2.17014739259 3.03376922983
5.24322321057 -2.30963154926 0.736731305251 5.24322321057 -2.30963154926 0.736731305251
2.34986979792 3.6302519685 5.25780546108 2.34986979792 3.6302519685 5.25780546108
0.769292839284 1.10421666776 4.62683308872 0.769292839284 1.10421666776 4.62683308872
-6.13736929355 -4.26926843688 0.702776007902 -6.13736929355 -4.26926843688 0.702776007902
1.35486733776 2.33315855568 1.78558280796 1.35486733776 2.33315855568 1.78558280796
-0.713669520052 1.32383563874 -3.29657353533 -0.713669520052 1.32383563874 -3.29657353533
-1.42326070081 -0.46266005875 2.38512762892 -1.42326070081 -0.46266005875 2.38512762892
-0.783338846064 0.762300273289 -3.75603437366 -0.783338846064 0.762300273289 -3.75603437366
1.96941001564 -3.2895284842 1.08605684424 1.96941001564 -3.2895284842 1.08605684424
4.16405208228 -3.82200014696 -1.56612097148 4.16405208228 -3.82200014696 -1.56612097148
0.963628744052 0.215256293418 -0.832954972489 0.963628744052 0.215256293418 -0.832954972489
0.287767304571 -2.49445690132 4.13331121324 0.287767304571 -2.49445690132 4.13331121324
-1.35808671107 2.07798686403 -0.0137680398255 -1.35808671107 2.07798686403 -0.0137680398255
-0.937954609374 -0.264888287684 0.632508430091 -0.937954609374 -0.264888287684 0.632508430091
2.99048471831 0.957234640123 1.39542776801 2.99048471831 0.957234640123 1.39542776801
-1.98009866122 3.1008540239 6.3694690247 -1.98009866122 3.1008540239 6.3694690247
1.73659105806 1.34209075025 -1.81480984201 1.73659105806 1.34209075025 -1.81480984201
0.060979530396 -4.71202782842 -3.92799364271 0.060979530396 -4.71202782842 -3.92799364271
-1.79293875751 -0.469922859105 0.908557438485 -1.66477729602 -0.0720333220066 1.00612607269
2.23322431149 0.325627017273 -2.90478151167 2.23322431149 0.325627017273 -2.90478151167
4.04644476447 1.97229363587 -0.546865474637 4.04644476447 1.97229363587 -0.546865474637
-0.322442073335 -5.0602575767 -3.16839504571 -0.322442073335 -5.0602575767 -3.16839504571
3.89296130002 3.50311661918 1.95276635856 3.89296130002 3.50311661918 1.95276635856
3.44715815762 2.10525364094 3.14937589696 3.44715815762 2.10525364094 3.14937589696
3.55593198965 -0.594660402394 -2.65999780259 3.55593198965 -0.594660402394 -2.65999780259
-1.40384739786 -1.45399798098 1.76033660582 -1.40384739786 -1.45399798098 1.76033660582
-0.0458010347216 3.16417925594 1.03181251537 -0.0458010347216 3.16417925594 1.03181251537
2.4044690388 5.66845398126 1.54428191995 2.4044690388 5.66845398126 1.54428191995
0.882156474633 -0.584462958592 2.81184641587 0.882156474633 -0.584462958592 2.81184641587
-3.27501097593 -0.588468459979 4.07926813052 -3.27501097593 -0.588468459979 4.07926813052
0.960865927893 0.645177699587 0.360802428637 0.960865927893 0.645177699587 0.360802428637
5.19256585648 3.38533931191 1.49292862348 5.19256585648 3.38533931191 1.49292862348
-5.93092497811 -0.964196033197 2.00958807829 -5.93092497811 -0.964196033197 2.00958807829
-0.26887009395 0.912201776152 5.30404686115 -0.26887009395 0.912201776152 5.30404686115
0.554237299835 -0.99236280594 -2.54373298378 0.554237299835 -0.99236280594 -2.54373298378
4.67531979187 -2.56033002598 0.09749434712 4.67531979187 -2.56033002598 0.09749434712
-0.0872253839972 -0.0148354299061 0.659553234777 -0.0872253839972 -0.0148354299061 0.659553234777
-0.476578925372 -1.94208152839 0.813243654803 -0.476578925372 -1.94208152839 0.813243654803
-1.12430404989 0.0425646908245 2.7952687157 -1.12430404989 0.0425646908245 2.7952687157
3.15796133258 -2.57823457404 -1.36136364625 3.15796133258 -2.57823457404 -1.36136364625
2.5743061935 0.0875541393434 1.0568514263 2.5743061935 0.0875541393434 1.0568514263
-0.00850220614735 -0.528235512154 4.54013223006 -0.00850220614735 -0.528235512154 4.54013223006
3.0653985008 -0.0558176721582 2.92775255307 3.0653985008 -0.0558176721582 2.92775255307
-0.322151024747 -0.108573353705 4.46491976421 -0.322151024747 -0.108573353705 4.46491976421
0.785546739257 -1.74204703098 -4.81946649439 0.785546739257 -1.74204703098 -4.81946649439
2.77218499146 2.12111455658 -0.167676246863 2.77218499146 2.12111455658 -0.167676246863
0.0640771587379 -1.53338365907 2.74373557035 0.0640771587379 -1.53338365907 2.74373557035
2.34600889722 -1.06260579305 -0.426083206279 2.34600889722 -1.06260579305 -0.426083206279
0.821426244269 2.94681155252 -0.250118501292 0.821426244269 2.94681155252 -0.250118501292
1.96170021199 -2.94212357617 0.502393867759 1.96170021199 -2.94212357617 0.502393867759
-1.57346479278 -1.35035996659 -2.097242057 -1.57346479278 -1.35035996659 -2.097242057
-1.27637661096 1.28233357535 2.6648561949 -1.27637661096 1.28233357535 2.6648561949
-1.08875378465 1.54257470946 0.664655596742 -1.08875378465 1.54257470946 0.664655596742
0.771050948555 -2.21587286791 2.68601208102 0.771050948555 -2.21587286791 2.68601208102
0.304218380644 4.39525879602 -2.13834195801 0.304218380644 4.39525879602 -2.13834195801
-0.862337953093 0.817987995374 -1.45148315576 -0.862337953093 0.817987995374 -1.45148315576
-2.10106093576 -3.91498086809 -1.18114356546 -2.10106093576 -3.91498086809 -1.18114356546
1.35573019584 -3.61202607733 3.45766360908 1.35573019584 -3.61202607733 3.45766360908
-2.55256359848 -1.75594763259 4.30188102736 -2.55256359848 -1.75594763259 4.30188102736
-5.39263669611 -0.827360485248 0.554583190186 -5.39263669611 -0.827360485248 0.554583190186
1.18371790439 1.84069177685 -1.0257266964 1.18371790439 1.84069177685 -1.0257266964
3.44699965479 0.984285330606 -1.17834487067 3.44699965479 0.984285330606 -1.17834487067
1.18523980357 -2.33001785788 -1.22460365382 1.18523980357 -2.33001785788 -1.22460365382
-3.43248681976 -2.13893284223 3.59391488987 -3.43248681976 -2.13893284223 3.59391488987
0.896459622899 -0.906538009935 0.111445455356 0.896459622899 -0.906538009935 0.111445455356
2.37989075662 3.71553036624 1.05288048792 2.37989075662 3.71553036624 1.05288048792
1.69984782091 3.41028976509 -0.508787849699 1.69984782091 3.41028976509 -0.508787849699
3.71790015809 1.35601915854 4.78873953786 3.71790015809 1.35601915854 4.78873953786
0.533803883315 -1.2762499219 -3.34148836947 0.533803883315 -1.2762499219 -3.34148836947
-0.757438420151 -1.83112830051 2.21192892145 -0.757438420151 -1.83112830051 2.21192892145
-1.25106198914 0.634512469153 1.79745257373 -1.25106198914 0.634512469153 1.79745257373
-1.50229669378 2.9285598352 1.7771928887 -1.50229669378 2.9285598352 1.7771928887
-2.693602424 -1.45269785919 0.431455077731 -2.693602424 -1.45269785919 0.431455077731
-1.03260753931 -3.30036661208 1.42439035969 -1.03260753931 -3.30036661208 1.42439035969
0.788864954646 -3.3506587978 -2.95464539737 0.788864954646 -3.3506587978 -2.95464539737
-2.38144071795 0.828905524999 -0.371210604433 -2.38144071795 0.828905524999 -0.371210604433
-1.96389290264 -0.415969339065 -3.67122366862 -1.96389290264 -0.415969339065 -3.67122366862
-0.48819089377 1.18382616074 -2.02810417312 -0.48819089377 1.18382616074 -2.02810417312
4.69457786422 4.0264100642 0.33075423012 4.69457786422 4.0264100642 0.33075423012
1.49401500535 0.200815701271 1.07957359573 1.49401500535 0.200815701271 1.07957359573
0.495108411013 -0.252364843174 -4.11187629121 0.495108411013 -0.252364843174 -4.11187629121
0.468095026022 -3.46744429843 1.2478744549 0.468095026022 -3.46744429843 1.2478744549
-1.73478957915 -1.82644335487 -0.409953611849 -1.73478957915 -1.82644335487 -0.409953611849
-5.16643992225 1.68178121822 2.33460361489 -5.16643992225 1.68178121822 2.33460361489
4.56843589839 1.30146503482 1.31444342247 4.56843589839 1.30146503482 1.31444342247
-0.818714669714 -1.61505646741 -2.74047082667 -0.818714669714 -1.61505646741 -2.74047082667
0.577296750935 3.73826209168 0.271351102235 0.577296750935 3.73826209168 0.271351102235
-2.18990536718 1.02243337068 2.15955087616 -2.18990536718 1.02243337068 2.15955087616
-2.74841364019 -2.93758938551 4.53137069034 -2.74841364019 -2.93758938551 4.53137069034
1.54164947892 0.934840624842 0.314531787787 1.54164947892 0.934840624842 0.314531787787
-2.17098295082 2.08467166864 2.71522470433 -2.17098295082 2.08467166864 2.71522470433
0.812101192708 -0.856689826449 3.91107732845 0.812101192708 -0.856689826449 3.91107732845
-0.526572812594 -2.0877489187 3.11320409985 -0.526572812594 -2.0877489187 3.11320409985
0.515176214876 -0.377169199363 0.808851649981 0.515176214876 -0.377169199363 0.808851649981
-0.529076425687 0.477616335991 2.71913709691 -0.529076425687 0.477616335991 2.71913709691
2.2305719254 -0.204110190493 2.7415896017 2.2305719254 -0.204110190493 2.7415896017
7.7398407787 -1.04209021881 -1.98607915168 7.7398407787 -1.04209021881 -1.98607915168
-1.47889324035 -0.889808698382 0.558711737908 -1.47889324035 -0.889808698382 0.558711737908
-4.46348030061 -0.260771021498 2.32628913332 -4.46348030061 -0.260771021498 2.32628913332
3.0142411543 -0.227728430908 -3.21922294234 3.0142411543 -0.227728430908 -3.21922294234
0.87782581811 0.197824987605 -1.02079444634 0.87782581811 0.197824987605 -1.02079444634
0.950345904647 -2.18051850836 -0.610628030561 0.950345904647 -2.18051850836 -0.610628030561
1.04271601169 -2.49926091556 -2.13149727201 1.04271601169 -2.49926091556 -2.13149727201
2.39521664073 1.52198674003 2.79285342031 2.39521664073 1.52198674003 2.79285342031
-0.339690367063 1.4110077107 1.78596941 -0.339690367063 1.4110077107 1.78596941
2.83775631755 0.6734830241 -3.91776034428 2.83775631755 0.6734830241 -3.91776034428
1.73292443121 -0.288895525296 0.863231906191 1.73292443121 -0.288895525296 0.863231906191
1.48739488485 2.67544951091 -3.45216648509 1.48739488485 2.67544951091 -3.45216648509
0.320581657699 -1.61807462133 -1.03338679933 0.320581657699 -1.61807462133 -1.03338679933
-0.701299321247 0.16963719458 5.20646830755 -0.701299321247 0.16963719458 5.20646830755
2.64057814091 -1.05134043594 -2.06847198199 2.64057814091 -1.05134043594 -2.06847198199
2.12565638266 -1.90604212013 2.18725943728 2.12565638266 -1.90604212013 2.18725943728
-0.574709038124 -0.893327832218 -4.00694491579 -0.574709038124 -0.893327832218 -4.00694491579
4.18522216109 2.53961262137 0.626486897216 4.18522216109 2.53961262137 0.626486897216
-0.591843511663 4.63657513938 0.0989995718554 -0.591843511663 4.63657513938 0.0989995718554
2.23879160407 -4.34531817966 -2.98058736871 2.23879160407 -4.34531817966 -2.98058736871
-0.192223828075 -0.331993322332 -2.76185361251 -0.192223828075 -0.331993322332 -2.76185361251
-4.24562143013 0.19635677485 1.69425628768 -4.24562143013 0.19635677485 1.69425628768
-2.08397791225 0.0470106784275 1.08626110056 -2.08397791225 0.0470106784275 1.08626110056
-3.33427001862 -1.59664687744 -0.352958024631 -3.33427001862 -1.59664687744 -0.352958024631
0.0666422787119 -0.906091712112 1.10319251665 0.0666422787119 -0.906091712112 1.10319251665
-1.2600601836 -1.21359945601 1.07037041201 -1.2600601836 -1.21359945601 1.07037041201
2.50468048209 0.607250363824 0.327313386213 2.50468048209 0.607250363824 0.327313386213
-3.78277636542 -3.07062464937 -1.50834700767 -3.78277636542 -3.07062464937 -1.50834700767
-1.92571171384 1.70840846959 1.33342656609 -1.92571171384 1.70840846959 1.33342656609
-2.19197860088 0.677712241288 -5.88816662109 -2.19197860088 0.677712241288 -5.88816662109
5.38253305539 -1.03378572821 3.12939383416 5.38253305539 -1.03378572821 3.12939383416
-1.49975164141 -0.150079043908 -3.62696336948 -1.49975164141 -0.150079043908 -3.62696336948
-2.88984628172 1.72526729237 0.896286413677 -2.88984628172 1.72526729237 0.896286413677
-0.397722788627 -2.44596104047 2.06795899708 -0.397722788627 -2.44596104047 2.06795899708
-1.39013527533 -6.30538613622 -0.325283728679 -1.39013527533 -6.30538613622 -0.325283728679
3.90595417677 -2.04751443147 4.33027273663 3.90595417677 -2.04751443147 4.33027273663
0.0162193432374 -1.28745250568 -1.26074421969 0.0162193432374 -1.28745250568 -1.26074421969
4.68710089939 -4.90046924591 -2.21957470717 4.68710089939 -4.90046924591 -2.21957470717
-1.80612025737 -2.8567431559 0.646696231819 -1.80612025737 -2.8567431559 0.646696231819
4.2766526471 0.942351013832 3.32282920901 4.2766526471 0.942351013832 3.32282920901
-1.82636902325 0.509204727442 0.672253226494 -1.82636902325 0.509204727442 0.672253226494
-2.49399423075 0.190304015498 -1.88926292 -2.49399423075 0.190304015498 -1.88926292
-5.69876492611 1.64735870754 -1.70793214387 -5.69876492611 1.64735870754 -1.70793214387
1.81048245548 -0.465171217963 -0.60893158822 1.81048245548 -0.465171217963 -0.60893158822
0.721107592948 -0.760950007055 -0.0180824348143 0.721107592948 -0.760950007055 -0.0180824348143
-3.5728812185 -2.0872830106 -0.0754687421675 -3.5728812185 -2.0872830106 -0.0754687421675
-1.09385716159 -0.619752792734 4.33695156522 -1.09385716159 -0.619752792734 4.33695156522
3.28277826286 -0.142152544642 -3.1441055102 3.57922027117 -0.121632225139 -3.41362144061
-4.41891971153 0.205589109759 -1.71432171235 -4.41891971153 0.205589109759 -1.71432171235
0.337571660893 -0.80252488341 3.24955517516 0.337571660893 -0.80252488341 3.24955517516
-1.15048670078 0.710218031249 0.3159564527 -1.15048670078 0.710218031249 0.3159564527
2.23891379063 -0.700363255594 2.8932630656 2.23891379063 -0.700363255594 2.8932630656
1.43367811427 0.882022842258 -0.456169929965 1.46086927646 1.017825303 -0.903189925108
1.18550700175 -1.09268779721 2.38600624695 1.18550700175 -1.09268779721 2.38600624695
-0.57453917817 2.78426522757 1.20803219103 -0.57453917817 2.78426522757 1.20803219103
-2.74393698852 6.44599051431 0.584922587884 -2.74393698852 6.44599051431 0.584922587884
-2.16157673895 4.64458347517 2.72154309849 -2.16157673895 4.64458347517 2.72154309849
1.29532258673 2.46799508395 -2.86877793484 1.29532258673 2.46799508395 -2.86877793484
-1.64614415152 -0.593938849831 -1.5922738863 -1.64614415152 -0.593938849831 -1.5922738863
-1.03053106036 2.92291106721 -2.02503560366 -1.03053106036 2.92291106721 -2.02503560366
3.49183447006 -1.01306001708 2.91465069129 3.49183447006 -1.01306001708 2.91465069129
-2.52790847616 -0.00585467547076 -2.23331320839 -2.52790847616 -0.00585467547076 -2.23331320839
0.00964132111413 4.52954782395 -0.432104193616 0.00964132111413 4.52954782395 -0.432104193616
1.29067220672 -3.46988596029 -1.8086097278 1.29067220672 -3.46988596029 -1.8086097278
0.343478813619 -4.11510502585 -0.902968191483 0.343478813619 -4.11510502585 -0.902968191483
4.15246720522 1.20399379167 -2.73119495315 4.15246720522 1.20399379167 -2.73119495315
0.931525328215 -0.834442548644 -0.159922974366 0.931525328215 -0.834442548644 -0.159922974366
-5.18010815862 -0.967556567015 -0.400737536477 -5.18010815862 -0.967556567015 -0.400737536477
1.82092357024 -1.59820496604 -3.29068800297 1.82092357024 -1.59820496604 -3.29068800297
-1.7524024081 -0.847832177171 -0.386507594191 -1.7524024081 -0.847832177171 -0.386507594191
-6.58230593372 2.25957959553 3.03232052197 -6.58230593372 2.25957959553 3.03232052197
-3.64280767685 1.8665309926 3.29623344495 -3.64280767685 1.8665309926 3.29623344495
-5.39566363458 2.71733199855 0.68280929777 -5.39566363458 2.71733199855 0.68280929777
-3.9965982936 -3.84985548718 -0.260665075351 -3.9965982936 -3.84985548718 -0.260665075351
-0.201676789828 -5.10163684203 1.29852610708 -0.201676789828 -5.10163684203 1.29852610708
1.00532973513 1.65509797198 -1.10906927368 1.00532973513 1.65509797198 -1.10906927368
-0.814697805057 4.75408838093 1.74944989921 -0.814697805057 4.75408838093 1.74944989921
-0.921555487406 -0.337666342771 -1.43607597631 -0.921555487406 -0.337666342771 -1.43607597631
-3.75824569249 2.23070577034 -1.62406713495 -3.75824569249 2.23070577034 -1.62406713495
0.642000150695 -3.07172834394 -0.69308277307 0.642000150695 -3.07172834394 -0.69308277307
1.59762154407 -6.12822352457 2.59883120011 1.59762154407 -6.12822352457 2.59883120011
0.638863691054 0.701548849542 5.84500806854 0.638863691054 0.701548849542 5.84500806854
3.61980191211 0.822064648193 -5.05763166609 3.61980191211 0.822064648193 -5.05763166609
-4.05615004375 1.01951436878 0.98299047225 -4.05615004375 1.01951436878 0.98299047225
-0.129743578668 -4.25525153658 -4.4427991584 -0.129743578668 -4.25525153658 -4.4427991584
2.69196914209 0.132368815202 2.81961869291 2.69196914209 0.132368815202 2.81961869291
1.79182244373 0.644560335099 0.0302122494105 1.79182244373 0.644560335099 0.0302122494105
-4.0704133125 1.19564417463 -0.573602658997 -4.0704133125 1.19564417463 -0.573602658997
-3.05536992962 -1.12772723338 -1.21021738065 -3.05536992962 -1.12772723338 -1.21021738065
-3.99205784776 -0.995289352129 -0.390922842954 -3.99205784776 -0.995289352129 -0.390922842954
0.338570306059 -5.54399658994 -0.366738624613 0.338570306059 -5.54399658994 -0.366738624613
3.18363621674 -0.202350669832 -0.271075462373 3.18363621674 -0.202350669832 -0.271075462373
1.34208408135 0.0815263793198 -6.70681152257 1.34208408135 0.0815263793198 -6.70681152257
-0.751777366862 -0.731733920177 -5.2013528839 -0.751777366862 -0.731733920177 -5.2013528839
0.876926980343 3.55961650713 -0.921263049883 0.876926980343 3.55961650713 -0.921263049883
2.38241532126 4.08978901096 -0.924561139584 2.38241532126 4.08978901096 -0.924561139584
0.5283157406 -3.58927389397 -2.09173830544 0.5283157406 -3.58927389397 -2.09173830544
2.48041664175 -0.638616603576 -3.53593634305 2.48041664175 -0.638616603576 -3.53593634305
2.30874957362 0.613191587365 -2.98787506709 2.30874957362 0.613191587365 -2.98787506709
-0.902311694999 -1.65278257144 0.648339713005 -0.902311694999 -1.65278257144 0.648339713005
1.46086927646 1.017825303 -0.903189925108 1.43367811427 0.882022842258 -0.456169929965
2.26711644248 0.836980651821 1.17340380174 2.26711644248 0.836980651821 1.17340380174
2.29052601849 -1.91654777126 -0.299405136196 2.29052601849 -1.91654777126 -0.299405136196
1.80069905801 0.324899746897 1.72024127491 1.80069905801 0.324899746897 1.72024127491
0.454772828499 -3.74434658669 1.04374777106 0.454772828499 -3.74434658669 1.04374777106
-3.18969572509 1.76159883112 0.791216085714 -3.18969572509 1.76159883112 0.791216085714
-0.0823998319862 -3.51986213306 -0.0401274306135 -0.0823998319862 -3.51986213306 -0.0401274306135
-1.14912979235 -2.65324010783 3.51086837335 -1.14912979235 -2.65324010783 3.51086837335
1.10287600102 3.56597602669 1.2743014376 1.10287600102 3.56597602669 1.2743014376
1.03305064122 -0.779375478596 5.766746921 1.03305064122 -0.779375478596 5.766746921
-2.2453276611 -1.87831305869 -0.341741428186 -2.2453276611 -1.87831305869 -0.341741428186
4.3626124237 3.17812075804 0.919929597619 4.3626124237 3.17812075804 0.919929597619
-3.79038251451 0.0331809700819 1.7510597191 -3.79038251451 0.0331809700819 1.7510597191
-1.518739859 -1.13681270638 -1.52554163628 -1.518739859 -1.13681270638 -1.52554163628
3.5613439886 -1.06772409092 0.644736488751 3.5613439886 -1.06772409092 0.644736488751
0.165452470862 0.5829196825 2.66954097465 0.165452470862 0.5829196825 2.66954097465
1.14134295224 -0.0958285439375 -2.02352919116 1.14134295224 -0.0958285439375 -2.02352919116
-2.41362245434 -2.70429064401 -0.996546162764 -2.41362245434 -2.70429064401 -0.996546162764
-1.40949923481 -1.70378051998 2.16290948464 -1.40949923481 -1.70378051998 2.16290948464
1.88309558757 -1.50705302213 2.95295498796 1.88309558757 -1.50705302213 2.95295498796
0.114535991189 -2.38551795022 1.22953539638 0.114535991189 -2.38551795022 1.22953539638
2.09793005449 -3.08771721592 0.381875752812 2.09793005449 -3.08771721592 0.381875752812
-4.0984855104 3.36373128868 -3.75828772243 -4.0984855104 3.36373128868 -3.75828772243
0.524169184889 0.0645046999384 0.556298682126 0.524169184889 0.0645046999384 0.556298682126
-1.07016882358 -1.01031915415 0.228632053206 -1.07016882358 -1.01031915415 0.228632053206
-2.16983981004 -1.49288647485 -2.58282039563 -2.16983981004 -1.49288647485 -2.58282039563
-0.631829097926 0.901971740015 0.909174217359 -0.631829097926 0.901971740015 0.909174217359
-3.18459840357 2.80528398516 -4.97882736574 -3.18459840357 2.80528398516 -4.97882736574
1.69064631143 3.76411599552 -1.61074460199 1.69064631143 3.76411599552 -1.61074460199
5.06242521079 3.16753402746 -0.103207775193 5.06242521079 3.16753402746 -0.103207775193
0.717775487606 0.938117829617 1.24809538791 0.717775487606 0.938117829617 1.24809538791
-4.12513857632 -4.55929877987 2.30053803683 -4.12513857632 -4.55929877987 2.30053803683
-3.36795104297 -0.0521062414817 -4.69206066261 -3.36795104297 -0.0521062414817 -4.69206066261
1.79287207054 -4.92685182818 2.20639548301 1.79287207054 -4.92685182818 2.20639548301
-3.7877349009 1.53025356512 1.35097453645 -3.7877349009 1.53025356512 1.35097453645
-0.22950394713 1.15575056695 5.8891369161 -0.22950394713 1.15575056695 5.8891369161
4.11741475721 4.24323043258 -0.843123558704 4.11741475721 4.24323043258 -0.843123558704
-1.90683031546 2.33396275663 3.60983160887 -1.90683031546 2.33396275663 3.60983160887
2.97177505302 5.39093605631 -5.78951297056 2.97177505302 5.39093605631 -5.78951297056
-1.45462260596 1.86281046491 2.2591867757 -1.45462260596 1.86281046491 2.2591867757
-0.730831487947 -2.85649163619 2.08448977012 -0.730831487947 -2.85649163619 2.08448977012
-2.84262150719 -1.069413575 4.30532327315 -2.84262150719 -1.069413575 4.30532327315
-0.86571024571 -1.54305703925 -1.00028415468 -0.703276948964 -1.74227215452 -0.718628321717
-0.692883255931 -1.53306464717 -0.194719215393 -0.692883255931 -1.53306464717 -0.194719215393
-1.96639237942 3.0210587371 -2.54381878581 -1.96639237942 3.0210587371 -2.54381878581
1.73619959134 0.530042966444 -4.69025900357 1.73619959134 0.530042966444 -4.69025900357
3.58003313678 2.37108204267 1.32664222188 3.58003313678 2.37108204267 1.32664222188
0.0256021656794 -3.9118222866 1.27181137688 0.0256021656794 -3.9118222866 1.27181137688
1.64048357371 0.376921692352 -1.53919276589 1.64048357371 0.376921692352 -1.53919276589
0.779199837562 4.20039932175 -5.05649199822 0.779199837562 4.20039932175 -5.05649199822
-2.85524619792 -0.441344725463 -7.04325088613 -2.85524619792 -0.441344725463 -7.04325088613
0.422906937515 2.95189481465 0.688529607316 0.422906937515 2.95189481465 0.688529607316
5.55138521223 0.915929799931 1.83799633744 5.55138521223 0.915929799931 1.83799633744
5.24954853716 -2.59725376981 -0.364060449266 5.24954853716 -2.59725376981 -0.364060449266
1.36265264248 4.23446457016 0.0157388363488 1.36265264248 4.23446457016 0.0157388363488
0.789090092655 0.8781572992 -3.04983184745 0.848113748316 0.825334932667 -2.96309162596
-1.62363752885 4.56846921599 -0.64029879965 -1.62363752885 4.56846921599 -0.64029879965
-3.30364549769 -1.49530622805 1.42031996246 -3.30364549769 -1.49530622805 1.42031996246
2.30239864094 1.03864324715 -0.0758730914371 2.30239864094 1.03864324715 -0.0758730914371
1.51143192608 3.09845418404 1.5601346691 1.51143192608 3.09845418404 1.5601346691
-4.40312540167 -0.7167386808 2.13055933032 -4.40312540167 -0.7167386808 2.13055933032
-2.10693868465 3.86441826564 0.0891358265679 -2.10693868465 3.86441826564 0.0891358265679
1.74215329382 0.823486869019 0.649122263686 1.74215329382 0.823486869019 0.649122263686
-0.140164330572 -0.139634382264 -0.677939587994 -0.206268864979 -0.670708249618 -0.546941054876
-2.42474441142 0.425842206152 2.16018305965 -2.42474441142 0.425842206152 2.16018305965
0.181592425732 0.0313342555492 1.90427033433 0.181592425732 0.0313342555492 1.90427033433
-0.94586161731 0.0468444539326 1.26331377115 -0.94586161731 0.0468444539326 1.26331377115
2.06384839568 -5.0404736164 -1.55480817445 2.06384839568 -5.0404736164 -1.55480817445
-4.72601196313 2.67215983634 -0.975067078377 -4.72601196313 2.67215983634 -0.975067078377
