-0.0684549487178 0.11004166331 2.22756626141 -0.211072153725 -0.15912828398 0.920249272374
-4.05735310516 -1.59241471917 -0.370405881684 -4.05735310516 -1.59241471917 -0.370405881684
-3.25702199308 -0.719329920728 0.0582489407349 -3.25702199308 -0.719329920728 0.0582489407349
-0.595841964887 -0.250682841724 -0.631234902776 -0.47279322138 -0.182071258505 -0.570609766815
-0.551551251485 -1.03009443354 0.764460559068 -0.228325089785 -1.34594103789 0.934995458357
3.0971677944 0.61069494354 -1.0306534387 3.0971677944 0.61069494354 -1.0306534387
2.35888238076 0.555584714745 -1.031736972 2.35888238076 0.555584714745 -1.031736972
-2.74346068536 2.30060396518 0.828694582638 -1.84203750047 2.26852512438 0.979984515833
1.93413442914 0.840023696502 0.695174749484 1.93413442914 0.840023696502 0.695174749484
-1.52987702681 -2.12861857424 3.40574713706 -1.52987702681 -2.12861857424 3.40574713706
-0.47279322138 -0.182071258505 -0.570609766815 -0.443949825921 -0.753113097119 -0.965316541926
-1.25424450973 1.98854437294 1.17570534389 -1.25424450973 1.98854437294 1.17570534389
-0.443949825921 -0.753113097119 -0.965316541926 -0.595841964887 -0.250682841724 -0.631234902776
1.48149485446 -2.49916003653 0.678555527563 1.48149485446 -2.49916003653 0.678555527563
-2.24742329444 2.41295274472 0.888587297391 -2.74346068536 2.30060396518 0.828694582638
-0.375607659689 -0.870458608755 -0.348388058963 -0.375607659689 -0.870458608755 -0.348388058963
1.44013295951 1.24231189621 0.907960739833 1.25455370709 1.11046787778 0.577909908433
0.567838575272 -1.4162645644 -0.586235226485 1.16500438747 -0.927304543529 -0.128192422496
-0.0181734082023 -2.45685245349 3.71707728694 -0.0181734082023 -2.45685245349 3.71707728694
0.221832402611 0.234254399716 1.72957153837 0.221832402611 0.234254399716 1.72957153837
-1.08446006546 0.107801453142 2.98992505011 -1.08446006546 0.107801453142 2.98992505011
-0.519532965384 -1.5654189807 -0.0307620829353 -0.519532965384 -1.5654189807 -0.0307620829353
-0.382926833749 0.54723802259 0.931490830994 -0.382926833749 0.54723802259 0.931490830994
0.421518485045 1.49593811381 -0.0811707933933 0.63175113488 1.62220430045 0.753814768749
-3.5474518319 0.627780990327 3.42096019605 -3.5474518319 0.627780990327 3.42096019605
1.8852256315 -1.90913108317 -2.64351655215 1.8852256315 -1.90913108317 -2.64351655215
1.00561446751 3.71307326245 0.216428840473 1.00561446751 3.71307326245 0.216428840473
-1.24800989814 -0.388083607903 1.23434922346 -1.24800989814 -0.388083607903 1.23434922346
1.25455370709 1.11046787778 0.577909908433 1.44013295951 1.24231189621 0.907960739833
-1.84203750047 2.26852512438 0.979984515833 -1.82215335633 2.51361987588 0.02252412113
1.16500438747 -0.927304543529 -0.128192422496 0.567838575272 -1.4162645644 -0.586235226485
1.41503183553 1.18792539176 -0.684595744507 0.410109411194 0.374719890675 -0.460843940834
0.912610678779 0.873020753295 -1.70958505268 0.589063909108 0.981437156991 -2.39870108395
0.778803279078 1.78696944367 0.543388852523 0.421518485045 1.49593811381 -0.0811707933933
-2.18813362696 -0.621061526387 -4.47833151464 -2.18813362696 -0.621061526387 -4.47833151464
4.85571869925 0.464226398195 -0.40323143921 4.85571869925 0.464226398195 -0.40323143921
4.49694518008 -2.75046255365 4.0705372036 4.49694518008 -2.75046255365 4.0705372036
-1.41373760949 1.37195399702 -1.11028999371 -1.4120237955 1.0513026855 -1.35714686592
-2.78257999322 1.65669928033 -1.44836961623 -2.78257999322 1.65669928033 -1.44836961623
-1.33268369248 -0.671120882034 -1.47213609975 -1.13181253716 -0.829551773851 -1.87995515158
-1.4120237955 1.0513026855 -1.35714686592 -1.41373760949 1.37195399702 -1.11028999371
-0.869226407653 -0.611884772851 2.22109149931 -1.24341706784 -0.252349816283 2.08699695071
1.51039700847 -1.57659803682 -0.921912884625 1.51039700847 -1.57659803682 -0.921912884625
0.410109411194 0.374719890675 -0.460843940834 1.17262497878 0.501379581243 -0.60792765683
1.09562282575 1.38222704426 -1.20318333793 1.09562282575 1.38222704426 -1.20318333793
1.02089257764 0.0878805488232 -0.236309488959 1.02089257764 0.0878805488232 -0.236309488959
-1.16656394284 1.60159766413 0.0396849281025 -1.16656394284 1.60159766413 0.0396849281025
-1.6280473413 -2.16014753161 -1.91959615806 -1.6280473413 -2.16014753161 -1.91959615806
-1.13181253716 -0.829551773851 -1.87995515158 -1.33268369248 -0.671120882034 -1.47213609975
-1.96796720878 0.672930875287 -1.42180531249 -1.96796720878 0.672930875287 -1.42180531249
0.859252764474 -2.71060908264 -1.38577031429 0.859252764474 -2.71060908264 -1.38577031429
-0.554267522078 -0.196116180348 0.505141595223 -0.554267522078 -0.196116180348 0.505141595223
0.63175113488 1.62220430045 0.753814768749 0.920130580552 0.727244636187 0.871101778567
-0.809287848308 -0.999468105466 1.37054811132 -0.869226407653 -0.611884772851 2.22109149931
-3.31439682125 0.674616588824 2.20981948117 -3.31439682125 0.674616588824 2.20981948117
-0.0939076612046 1.88652474636 0.164626318785 -0.0939076612046 1.88652474636 0.164626318785
1.0794522774 -1.50819754857 -0.0681488943829 0.779486501603 -1.67244631548 -0.750540516092
0.632140632753 1.20970009102 -3.17311515607 0.632140632753 1.20970009102 -3.17311515607
-0.211072153725 -0.15912828398 0.920249272374 -0.43751419089 -0.178468827259 0.0418690743956
2.87894680444 -2.15275864745 0.117380155289 2.87894680444 -2.15275864745 0.117380155289
0.612929930557 0.861459613232 -2.02039407373 0.912610678779 0.873020753295 -1.70958505268
-0.469745527009 -0.889578655698 1.3480743777 0.158345412789 -0.950977622613 0.491206960994
1.72071812491 1.34702575365 -3.29059149057 1.72071812491 1.34702575365 -3.29059149057
2.09326359445 0.630877283392 1.21787383181 2.09326359445 0.630877283392 1.21787383181
0.920130580552 0.727244636187 0.871101778567 0.778803279078 1.78696944367 0.543388852523
-4.66014306163 1.81607408818 3.12187276732 -4.66014306163 1.81607408818 3.12187276732
-2.0291564661 0.649362017782 -1.35664952218 -2.0291564661 0.649362017782 -1.35664952218
-1.30383820724 1.00867151847 1.90647318499 -1.30383820724 1.00867151847 1.90647318499
2.91370555281 1.34543067843 1.006877323 2.91370555281 1.34543067843 1.006877323
-3.65132753844 -1.81637067549 1.7460931935 -3.65132753844 -1.81637067549 1.7460931935
-4.23120908159 -1.24507913636 1.55858404482 -4.23120908159 -1.24507913636 1.55858404482
-0.976056896879 -1.01486475037 0.420827059418 -0.469745527009 -0.889578655698 1.3480743777
-0.228325089785 -1.34594103789 0.934995458357 -0.809287848308 -0.999468105466 1.37054811132
-2.06585816554 -0.127456250124 3.02037009641 -2.06585816554 -0.127456250124 3.02037009641
1.57077112421 -0.333656119897 0.643023465829 1.57077112421 -0.333656119897 0.643023465829
-1.82215335633 2.51361987588 0.02252412113 -2.24742329444 2.41295274472 0.888587297391
-1.28954879177 -0.0591800235771 -1.14960761899 -2.01730772604 -0.0228267917226 -0.75501793735
-1.24341706784 -0.252349816283 2.08699695071 -0.0684549487178 0.11004166331 2.22756626141
0.396464170464 -3.11349879452 0.534457823003 0.396464170464 -3.11349879452 0.534457823003
1.7771631722 1.36859347977 -0.381434814714 1.7771631722 1.36859347977 -0.381434814714
0.158345412789 -0.950977622613 0.491206960994 -0.562487388673 -1.18975194805 0.200661429536
-1.94997919291 4.06412027224 2.2726917884 -1.94997919291 4.06412027224 2.2726917884
1.53100489659 3.9463777326 -0.264854924346 1.53100489659 3.9463777326 -0.264854924346
-0.43751419089 -0.178468827259 0.0418690743956 -0.551551251485 -1.03009443354 0.764460559068
0.38027560083 0.970753020351 -0.521249454519 0.305358695576 0.91833220316 -1.26791949114
-2.01730772604 -0.0228267917226 -0.75501793735 -1.28954879177 -0.0591800235771 -1.14960761899
0.0705773210779 -0.450167874874 1.34568559997 0.0705773210779 -0.450167874874 1.34568559997
1.68380940249 -1.39790695688 -1.2246791687 1.68380940249 -1.39790695688 -1.2246791687
2.99609851787 -1.96880033473 -1.22111954531 2.99609851787 -1.96880033473 -1.22111954531
0.779486501603 -1.67244631548 -0.750540516092 1.0794522774 -1.50819754857 -0.0681488943829
0.589063909108 0.981437156991 -2.39870108395 0.612929930557 0.861459613232 -2.02039407373
-2.83884754158 1.01005809432 0.145806842032 -2.83884754158 1.01005809432 0.145806842032
-0.562487388673 -1.18975194805 0.200661429536 -0.976056896879 -1.01486475037 0.420827059418
-2.75313090337 -1.9704378045 1.56328557352 -2.75313090337 -1.9704378045 1.56328557352
-2.53971711558 1.05119070739 -2.6955386376 -2.53971711558 1.05119070739 -2.6955386376
2.15522888842 -0.28218928387 -2.79881762363 2.15522888842 -0.28218928387 -2.79881762363
2.33804665977 0.0873167326057 3.32098356566 2.33804665977 0.0873167326057 3.32098356566
1.17262497878 0.501379581243 -0.60792765683 1.41503183553 1.18792539176 -0.684595744507
-0.0550428077754 2.56244909854 2.29842191609 -0.0550428077754 2.56244909854 2.29842191609
0.305358695576 0.91833220316 -1.26791949114 0.38027560083 0.970753020351 -0.521249454519
