3.03035803606 0.674345006239 3.40166513818 3.14253333464 0.656380508824 2.99467926239
-2.57633050477 1.56327423264 -0.751369014384 -2.57633050477 1.56327423264 -0.751369014384
-1.36037969436 2.51151726306 2.18714764154 -1.36037969436 2.51151726306 2.18714764154
0.321625153243 -3.87816245579 1.51003118796 0.321625153243 -3.87816245579 1.51003118796
-2.57625706623 0.432119060242 -2.79690206929 -2.57625706623 0.432119060242 -2.79690206929
-0.307507891884 -2.69304540543 -2.76962355958 -0.307507891884 -2.69304540543 -2.76962355958
-2.54053228015 -2.02597553105 -1.47018421811 -2.54053228015 -2.02597553105 -1.47018421811
-0.139745734871 -1.65532240763 3.45143899001 -0.139745734871 -1.65532240763 3.45143899001
-2.25712304104 2.57991128849 -1.0114279192 -2.25712304104 2.57991128849 -1.0114279192
0.609961859965 -1.4531972782 -0.35800334791 0.136688706849 -1.07970889773 -0.531590004091
-0.306969677153 -0.901838216993 -3.39154848626 -0.306969677153 -0.901838216993 -3.39154848626
2.66142554862 -0.342749680954 -1.24459385841 3.16520567668 -0.695533569572 -1.1904658542
5.33837465028 1.63797192472 1.52489780711 5.33837465028 1.63797192472 1.52489780711
-0.56362810689 2.68868019692 1.66794030253 -0.56362810689 2.68868019692 1.66794030253
1.02379636023 -4.9432195095 2.08326986497 1.02379636023 -4.9432195095 2.08326986497
-4.07592130365 1.03213849656 4.37044291601 -4.07592130365 1.03213849656 4.37044291601
0.367332798959 1.27644560603 -0.748960453871 0.367332798959 1.27644560603 -0.748960453871
-1.93319395803 1.6909391822 7.00561064541 -1.93319395803 1.6909391822 7.00561064541
3.80147745536 -2.23522983382 0.575993893283 3.92502198631 -1.74114293953 0.622034600982
3.14253333464 0.656380508824 2.99467926239 3.03035803606 0.674345006239 3.40166513818
-0.824155403376 0.455114603005 0.137173840224 -0.824155403376 0.455114603005 0.137173840224
-4.07154866601 2.48453561014 -2.02638930574 -4.07154866601 2.48453561014 -2.02638930574
-1.01161307345 0.687301070177 -4.17936666373 -1.01161307345 0.687301070177 -4.17936666373
3.5600533578 -1.71693905003 0.310550844973 3.5600533578 -1.71693905003 0.310550844973
0.980380037964 -2.50970013638 -3.14275117727 0.980380037964 -2.50970013638 -3.14275117727
-0.867718441585 -1.67226734471 -3.21612895283 -0.867718441585 -1.67226734471 -3.21612895283
2.19054709156 0.995019480825 0.983198480134 2.19222232028 1.1881312616 0.772925013692
0.394228213611 4.71493071398 -1.16573144278 0.394228213611 4.71493071398 -1.16573144278
-2.49022188795 1.30790932218 -2.10864629954 -2.49022188795 1.30790932218 -2.10864629954
2.76195560649 -1.24904316458 1.26053014083 2.76195560649 -1.24904316458 1.26053014083
-2.13173577024 0.881735881502 0.98397986513 -2.13173577024 0.881735881502 0.98397986513
0.687913814384 0.922006188253 3.34719472145 0.687913814384 0.922006188253 3.34719472145
1.48583910291 -3.4835086126 -1.22421156434 1.48583910291 -3.4835086126 -1.22421156434
-0.743258479562 -2.32320954532 0.830909076841 -0.743258479562 -2.32320954532 0.830909076841
5.72880087449 -2.59309979746 -1.85034040163 5.72880087449 -2.59309979746 -1.85034040163
2.69013868867 -4.00060416804 -1.53742768371 2.69013868867 -4.00060416804 -1.53742768371
0.833571126923 -2.25378248814 -3.61909282474 0.833571126923 -2.25378248814 -3.61909282474
-3.70396640477 -0.840239444273 2.19507307785 -3.70396640477 -0.840239444273 2.19507307785
2.15163953589 -2.49549889461 3.63350040021 2.69159771833 -2.36077484063 3.67606653128
-2.79401595402 2.29300046204 -1.6894930752 -2.79401595402 2.29300046204 -1.6894930752
-0.999848477038 1.66812776026 -1.16877101092 -0.93731376692 1.92495341645 -1.05150158552
-0.259454404569 -3.02626955972 -1.65269230159 -0.259454404569 -3.02626955972 -1.65269230159
0.291988427933 1.70229158738 -4.89705836149 0.291988427933 1.70229158738 -4.89705836149
-2.97105862464 0.569924433267 1.52999887462 -2.97105862464 0.569924433267 1.52999887462
-0.142196098591 4.33487730943 -2.88323344338 -0.142196098591 4.33487730943 -2.88323344338
2.40478392625 -0.113722464298 0.687798918902 2.40478392625 -0.113722464298 0.687798918902
2.00837017844 2.55153003712 -0.0287601733491 1.77393216657 2.18113274918 0.199949039404
-0.743140068497 -0.735113759065 1.30898305849 -0.743140068497 -0.735113759065 1.30898305849
-3.81477732048 3.77894369208 -0.753432989471 -3.81477732048 3.77894369208 -0.753432989471
5.28539230318 -3.88584039334 -4.23186789628 5.28539230318 -3.88584039334 -4.23186789628
2.24150178326 0.86122576978 -0.460741175489 2.24150178326 0.86122576978 -0.460741175489
-0.614623368095 -1.04180036378 0.809652276388 -0.614623368095 -1.04180036378 0.809652276388
-2.04707519835 -0.235313314582 -1.39707891363 -2.04707519835 -0.235313314582 -1.39707891363
1.02014409932 1.76162811579 -1.67822745824 1.02014409932 1.76162811579 -1.67822745824
2.19222232028 1.1881312616 0.772925013692 2.19250429612 1.0685962743 1.4845321385
-0.676343133468 -2.14171880633 2.62307039727 -0.676343133468 -2.14171880633 2.62307039727
-2.00143100279 -3.70785174108 0.852366256392 -2.00143100279 -3.70785174108 0.852366256392
1.88152570381 0.40039722878 -5.93357821613 1.88152570381 0.40039722878 -5.93357821613
-0.376096408817 -2.77530046351 -0.393345113631 -0.175463845497 -2.92199171451 -0.709451281083
-4.58814870544 -0.789799064971 -1.5218584627 -4.58814870544 -0.789799064971 -1.5218584627
-3.01211741343 -0.162515886889 4.97821590406 -3.01211741343 -0.162515886889 4.97821590406
2.4732730965 3.14059711606 -0.394063521686 2.4732730965 3.14059711606 -0.394063521686
1.93626086425 -4.79814173182 2.57297260887 1.93626086425 -4.79814173182 2.57297260887
2.22683261801 1.84980087479 -4.10029648433 2.22683261801 1.84980087479 -4.10029648433
2.59999100747 -1.53080645583 -0.568710111511 2.59999100747 -1.53080645583 -0.568710111511
-1.26461159316 -0.74430364359 1.08970261615 -1.26461159316 -0.74430364359 1.08970261615
-2.26598599583 -3.408914631 1.92700327431 -2.26598599583 -3.408914631 1.92700327431
2.49725052035 -2.05414403341 2.93245993782 2.49725052035 -2.05414403341 2.93245993782
-0.460469100825 -1.52824202876 -2.97221517341 -0.460469100825 -1.52824202876 -2.97221517341
-0.958902538421 -0.195452022978 -1.04047685881 -0.958902538421 -0.195452022978 -1.04047685881
2.46311274862 0.626987448465 1.69150958142 2.46311274862 0.626987448465 1.69150958142
0.0366603742435 2.88516274117 -4.61917727263 0.0366603742435 2.88516274117 -4.61917727263
0.67451808629 -4.21699474879 -0.827432952903 0.67451808629 -4.21699474879 -0.827432952903
1.87061209267 -1.61067314891 -1.25092170572 1.87061209267 -1.61067314891 -1.25092170572
-4.32624176666 0.632769419677 0.190975302466 -4.32624176666 0.632769419677 0.190975302466
-0.175463845497 -2.92199171451 -0.709451281083 -0.376096408817 -2.77530046351 -0.393345113631
2.32903326603 -1.96841873831 -0.110976397754 2.32903326603 -1.96841873831 -0.110976397754
-0.339013127258 0.232153357173 -2.13768249884 -0.209593965463 0.298448303653 -1.83835878174
0.183549985007 1.14167590696 -0.600784938245 0.183549985007 1.14167590696 -0.600784938245
-3.91524792671 0.726286812979 1.83995826309 -3.94276109839 0.377363181434 1.68960072875
-1.55035005089 -0.952092836569 -4.20023107183 -1.55035005089 -0.952092836569 -4.20023107183
0.523828473899 3.22814248089 0.642430061237 0.673491615218 3.32842825834 1.02684230429
-0.215179655132 -0.83169141534 0.194751648958 -0.215179655132 -0.83169141534 0.194751648958
4.36179257433 -2.00048307268 -5.00202626686 4.36179257433 -2.00048307268 -5.00202626686
-2.41576245794 4.00441181035 -1.76417841177 -2.41576245794 4.00441181035 -1.76417841177
0.0383225003885 -0.858224673606 -2.89996120059 0.0383225003885 -0.858224673606 -2.89996120059
5.51586063789 0.803130618809 -0.849792726611 5.51586063789 0.803130618809 -0.849792726611
3.45070258073 -0.467627943395 2.84625305961 3.45070258073 -0.467627943395 2.84625305961
1.63351809038 1.0758525288 -0.801924875497 1.63351809038 1.0758525288 -0.801924875497
0.92237866222 1.31656272616 -1.35536642013 0.92237866222 1.31656272616 -1.35536642013
2.29629533424 -3.04494251775 -3.39570273179 2.29629533424 -3.04494251775 -3.39570273179
1.75683412896 2.02395271832 3.86040546219 1.75683412896 2.02395271832 3.86040546219
0.055937254401 -2.32696705855 -5.76714419175 0.055937254401 -2.32696705855 -5.76714419175
0.788518980829 -1.39300941731 2.75013914123 0.788518980829 -1.39300941731 2.75013914123
0.106526479637 0.271766744386 -0.621675468256 -0.388821307397 0.596926145432 -0.360237597437
-0.455933672638 1.23567402036 0.111717846561 -0.455933672638 1.23567402036 0.111717846561
-3.00086313272 -0.235010004152 3.72791914095 -3.00086313272 -0.235010004152 3.72791914095
-0.884576410676 0.631153809511 2.03410929899 -0.884576410676 0.631153809511 2.03410929899
0.259349387432 -0.343639993249 0.953259688781 0.596914206797 -0.131595296116 0.486347738286
0.136688706849 -1.07970889773 -0.531590004091 0.521333692237 -1.5115754118 -0.752235125534
3.65836957341 -4.59317501708 -0.165100643786 3.65836957341 -4.59317501708 -0.165100643786
-0.93731376692 1.92495341645 -1.05150158552 -1.11900260949 1.42556124082 -0.947584365539
-0.231588933064 -0.835114453122 1.22119831061 -0.231588933064 -0.835114453122 1.22119831061
-0.333913539087 -0.0161427128427 -1.80321924852 -0.333913539087 -0.0161427128427 -1.80321924852
1.81746976645 0.349792693501 -1.6706245624 1.81746976645 0.349792693501 -1.6706245624
-2.23636019403 2.69174175738 -0.289671411716 -2.23636019403 2.69174175738 -0.289671411716
1.62282731061 -4.7275202301 -3.90750131196 1.62282731061 -4.7275202301 -3.90750131196
0.158761958194 -0.599475216745 -0.317647450371 0.158761958194 -0.599475216745 -0.317647450371
-2.14600676749 -2.14728175438 1.96853566409 -2.14600676749 -2.14728175438 1.96853566409
-0.590702648566 -0.0150545778386 1.94776032453 -0.590702648566 -0.0150545778386 1.94776032453
3.52134112936 -1.26164683777 -0.0748461145242 3.52134112936 -1.26164683777 -0.0748461145242
2.4676268553 -1.42597022413 1.09389569732 2.4676268553 -1.42597022413 1.09389569732
3.27848916109 -1.2346315536 2.89401102105 3.27848916109 -1.2346315536 2.89401102105
0.349188924458 -1.45829338624 1.30746328498 0.349188924458 -1.45829338624 1.30746328498
-1.20561214867 -1.88641134448 1.88215184721 -1.20561214867 -1.88641134448 1.88215184721
-1.82572043034 -0.706438087164 -1.17212865832 -1.82572043034 -0.706438087164 -1.17212865832
1.89549108716 1.74868707 -0.859594119577 1.89549108716 1.74868707 -0.859594119577
4.85091084198 -1.69140164774 2.48358790637 4.85091084198 -1.69140164774 2.48358790637
-3.83903991241 0.473711848919 -3.22957132281 -3.83903991241 0.473711848919 -3.22957132281
-2.09955391012 -1.15962059333 -1.98684982379 -2.09955391012 -1.15962059333 -1.98684982379
1.97235166818 -1.47904681634 -1.98985426613 1.97235166818 -1.47904681634 -1.98985426613
1.52856071036 -0.599614805181 -2.33788515298 1.52856071036 -0.599614805181 -2.33788515298
-0.220287201609 1.00842601763 -3.17584326634 -0.220287201609 1.00842601763 -3.17584326634
-0.721945040264 -2.33541560274 4.16185082172 -0.721945040264 -2.33541560274 4.16185082172
0.10770427093 -2.00075469857 0.516004147438 0.10770427093 -2.00075469857 0.516004147438
4.44680326872 1.92940128316 -2.19511765096 4.44680326872 1.92940128316 -2.19511765096
1.2179331766 -0.486950172998 7.14538969085 1.2179331766 -0.486950172998 7.14538969085
-0.30082469672 -0.361092294617 1.2159685046 -0.30082469672 -0.361092294617 1.2159685046
2.11380081222 0.278242229349 1.69935722998 2.11380081222 0.278242229349 1.69935722998
2.60555528474 2.77637024381 -0.0709012397571 2.60555528474 2.77637024381 -0.0709012397571
1.49689051824 2.23749327297 0.014349776089 1.49689051824 2.23749327297 0.014349776089
-4.3754634444 -0.692786766396 -0.611721424884 -4.3754634444 -0.692786766396 -0.611721424884
1.9303722951 -0.473223136957 4.16223889338 1.9303722951 -0.473223136957 4.16223889338
3.92502198631 -1.74114293953 0.622034600982 3.57375663275 -2.30351612367 0.673031444293
-1.89211784084 -6.83754506757 2.28701852433 -1.89211784084 -6.83754506757 2.28701852433
4.00787586885 3.90555820788 -0.960538915963 4.00787586885 3.90555820788 -0.960538915963
-0.0639437561366 -1.67950621342 -3.72990643468 -0.0639437561366 -1.67950621342 -3.72990643468
-0.995543212461 2.97332133061 -1.63585610641 -0.995543212461 2.97332133061 -1.63585610641
-1.91321250237 1.38339691967 -2.074998918 -1.91321250237 1.38339691967 -2.074998918
0.470434625303 -5.19234228923 4.92803690767 0.470434625303 -5.19234228923 4.92803690767
-4.29344015205 0.806608398633 2.69497177452 -4.29344015205 0.806608398633 2.69497177452
-1.43192471 0.364334357275 0.908226867511 -1.43192471 0.364334357275 0.908226867511
0.581753787892 -3.700428403 -0.447029240507 0.581753787892 -3.700428403 -0.447029240507
2.21093856961 0.489394043834 1.59179421129 2.21093856961 0.489394043834 1.59179421129
0.317308781906 5.62648904514 -0.877896939247 0.317308781906 5.62648904514 -0.877896939247
-0.862673472891 2.85970989112 3.00870511365 -0.862673472891 2.85970989112 3.00870511365
-1.51645055113 0.464929742932 5.51055647946 -1.51645055113 0.464929742932 5.51055647946
-1.34631713996 0.0577291992489 -1.55401114165 -1.34631713996 0.0577291992489 -1.55401114165
0.100852754954 5.36631078456 -0.362858214323 0.100852754954 5.36631078456 -0.362858214323
-1.29587350902 2.12721628214 0.140132193073 -1.29587350902 2.12721628214 0.140132193073
-2.3413958772 1.60102061801 3.29060169259 -2.3413958772 1.60102061801 3.29060169259
0.109960339263 1.25075219691 3.94768445391 0.109960339263 1.25075219691 3.94768445391
-2.11844338632 0.839069510454 -3.32135960149 -2.11844338632 0.839069510454 -3.32135960149
-0.477180874172 -0.644605693872 -2.66829226916 -0.477180874172 -0.644605693872 -2.66829226916
-1.18778234154 -1.09402408656 -3.29458308896 -1.18778234154 -1.09402408656 -3.29458308896
-0.984823079301 3.06062509775 2.35947502925 -0.984823079301 3.06062509775 2.35947502925
-4.56841210786 -2.63160211183 0.694398243992 -4.56841210786 -2.63160211183 0.694398243992
-0.903592085314 3.63932225077 -1.57897476629 -0.903592085314 3.63932225077 -1.57897476629
-0.209593965463 0.298448303653 -1.83835878174 -0.339013127258 0.232153357173 -2.13768249884
2.58234742648 -0.175258662469 -1.14865381966 2.58234742648 -0.175258662469 -1.14865381966
2.68143695309 -0.730912060181 -1.51054319081 2.68143695309 -0.730912060181 -1.51054319081
-2.04514812702 0.404835504466 -2.96108777069 -2.04514812702 0.404835504466 -2.96108777069
1.77393216657 2.18113274918 0.199949039404 2.00837017844 2.55153003712 -0.0287601733491
-0.551105751018 -3.37740756118 0.140840495765 -0.551105751018 -3.37740756118 0.140840495765
0.676998726707 0.510422628464 -1.62417197764 0.676998726707 0.510422628464 -1.62417197764
0.86339426412 2.86853064375 -0.248234035566 0.86339426412 2.86853064375 -0.248234035566
1.70448053021 0.43562627276 -3.39622260092 1.70448053021 0.43562627276 -3.39622260092
2.57774969246 2.37108161291 -1.02478275644 2.57774969246 2.37108161291 -1.02478275644
2.39478908815 0.0227640708554 0.869253359149 2.39478908815 0.0227640708554 0.869253359149
5.50937935327 -5.47972670988 1.83051143497 5.50937935327 -5.47972670988 1.83051143497
-4.8362864037 3.37836601012 -5.45048884443 -4.8362864037 3.37836601012 -5.45048884443
-1.39594287258 0.995119140139 -0.855787117943 -1.39594287258 0.995119140139 -0.855787117943
1.89542606544 -0.108691386047 0.49418242623 1.89542606544 -0.108691386047 0.49418242623
1.1431175417 3.72481094202 0.709226539097 1.1431175417 3.72481094202 0.709226539097
3.57375663275 -2.30351612367 0.673031444293 3.80147745536 -2.23522983382 0.575993893283
1.81281810511 0.97366339862 -0.422661183639 1.81281810511 0.97366339862 -0.422661183639
2.77006880303 0.466911646478 2.3242842324 2.77006880303 0.466911646478 2.3242842324
-1.22200489514 -0.742143469746 -0.310893134883 -1.22200489514 -0.742143469746 -0.310893134883
0.782154918224 -0.698225225891 1.80973112933 0.912703949497 -1.14957154363 1.67870703523
-0.770910598495 -1.92666199007 0.761341314865 -0.770910598495 -1.92666199007 0.761341314865
0.521333692237 -1.5115754118 -0.752235125534 0.609961859965 -1.4531972782 -0.35800334791
-3.13484046118 2.93636584991 -4.26806289457 -3.13484046118 2.93636584991 -4.26806289457
-4.32241168073 -1.94856353746 0.190457955697 -4.32241168073 -1.94856353746 0.190457955697
-0.708019687084 2.21873443095 3.11416035738 -0.708019687084 2.21873443095 3.11416035738
-1.23884111212 -0.662479387689 3.21500311215 -1.23884111212 -0.662479387689 3.21500311215
0.487846230618 0.49006679199 2.70475179775 0.487846230618 0.49006679199 2.70475179775
-0.855065320491 -2.41580403031 -1.04876678662 -0.855065320491 -2.41580403031 -1.04876678662
-3.22734337834 -1.33460005437 0.290574433026 -3.22734337834 -1.33460005437 0.290574433026
-0.334702122669 -1.38299701683 1.37209808127 -0.334702122669 -1.38299701683 1.37209808127
1.23371406887 0.437539477246 -2.87490743615 1.33042544837 -0.268174961884 -2.64666965056
-0.51949412192 4.17170167951 -2.61114284033 -0.51949412192 4.17170167951 -2.61114284033
4.69237141337 0.653686689753 -0.803754539867 4.69237141337 0.653686689753 -0.803754539867
-1.72624152192 0.577753946537 1.24442335122 -1.72624152192 0.577753946537 1.24442335122
-1.09024149478 4.44326311516 -0.11253820651 -1.09024149478 4.44326311516 -0.11253820651
1.26186782587 1.42243119244 -1.64756572429 1.26186782587 1.42243119244 -1.64756572429
-0.44157538262 -0.18654562489 7.4421747503 -0.44157538262 -0.18654562489 7.4421747503
-1.35722140834 -3.1090250169 -4.50983813615 -1.35722140834 -3.1090250169 -4.50983813615
0.0715997405858 -0.619845272783 0.712441704652 0.0715997405858 -0.619845272783 0.712441704652
-0.782201345544 -0.0289946794766 1.24008422295 -0.782201345544 -0.0289946794766 1.24008422295
0.276074098663 -2.85826472116 2.6576209551 0.276074098663 -2.85826472116 2.6576209551
3.53061107521 -3.17710812514 -0.984775758538 3.53061107521 -3.17710812514 -0.984775758538
0.043911920451 1.17846133432 -1.1659017715 0.043911920451 1.17846133432 -1.1659017715
0.448268123286 1.09978474109 3.95229478521 0.448268123286 1.09978474109 3.95229478521
-3.13030003273 5.03055771678 -3.48336810468 -3.13030003273 5.03055771678 -3.48336810468
-2.3493124708 2.63961519708 -3.64737297792 -2.3493124708 2.63961519708 -3.64737297792
-2.28888346981 1.27492837696 0.446499580633 -2.28888346981 1.27492837696 0.446499580633
0.168024424786 1.85179367818 0.76362747244 0.306857569868 1.51405934081 0.44581668417
-1.41159632793 -2.39285592384 1.42749947337 -1.41159632793 -2.39285592384 1.42749947337
0.824320533188 1.1474679548 0.866850914413 0.824320533188 1.1474679548 0.866850914413
2.86869079664 -2.07001325634 -0.24156904446 2.86869079664 -2.07001325634 -0.24156904446
-1.45758876022 -1.29431860047 3.51987695205 -1.45758876022 -1.29431860047 3.51987695205
5.66544059265 1.06670869491 0.804498397602 5.66544059265 1.06670869491 0.804498397602
-0.444009689254 -3.60629848132 -0.33856262541 -0.444009689254 -3.60629848132 -0.33856262541
-2.59608896742 -3.33757020823 1.14398429121 -2.59608896742 -3.33757020823 1.14398429121
-0.922154242809 -2.24324528067 0.661194414406 -0.922154242809 -2.24324528067 0.661194414406
-1.27469948014 -0.511217226707 -1.12104893027 -1.27469948014 -0.511217226707 -1.12104893027
0.687003510781 -2.6963879613 -2.48882148842 0.687003510781 -2.6963879613 -2.48882148842
-1.88996367521 -4.46747365105 -1.10903963511 -1.88996367521 -4.46747365105 -1.10903963511
-1.50906275485 0.0651376732128 -0.791280591877 -1.50906275485 0.0651376732128 -0.791280591877
-3.79871251524 -1.73683554691 1.12447740232 -3.79871251524 -1.73683554691 1.12447740232
-2.34248614922 1.70813048237 4.90221042859 -2.34248614922 1.70813048237 4.90221042859
1.54890300484 0.58399632523 3.55918476051 1.54890300484 0.58399632523 3.55918476051
7.21128714166 3.62585721842 1.06993623633 7.21128714166 3.62585721842 1.06993623633
-2.06974758829 3.68850680758 -5.48080981035 -2.06974758829 3.68850680758 -5.48080981035
2.73730610365 -2.76273705545 0.332416092559 2.73730610365 -2.76273705545 0.332416092559
1.33042544837 -0.268174961884 -2.64666965056 1.43467892487 -0.193633518755 -2.83795088464
1.42364704075 1.0435084976 2.20540808708 1.42364704075 1.0435084976 2.20540808708
-2.02517318606 3.90942260831 1.13723500339 -2.02517318606 3.90942260831 1.13723500339
0.410032347929 3.75613140574 1.60756585385 0.410032347929 3.75613140574 1.60756585385
-3.54113312014 0.208226346942 -0.387856509329 -3.54113312014 0.208226346942 -0.387856509329
-0.029848655794 -1.13731754866 -2.1670098586 -0.029848655794 -1.13731754866 -2.1670098586
-1.06857104434 0.5765405916 3.2675412596 -1.06857104434 0.5765405916 3.2675412596
-0.835600843898 1.61603301483 -1.44534206038 -0.835600843898 1.61603301483 -1.44534206038
5.33329641123 1.56193316137 0.773450413965 5.33329641123 1.56193316137 0.773450413965
-4.319152831 1.78015005252 -0.33506438108 -4.319152831 1.78015005252 -0.33506438108
1.04292003897 -0.761832879558 1.86607514786 1.01604673216 -0.82066611552 2.1118469024
-1.34049083369 1.92303835447 2.5741384725 -1.34049083369 1.92303835447 2.5741384725
-1.28639550781 1.25887790524 1.04684887056 -1.28639550781 1.25887790524 1.04684887056
-1.13477406946 -5.67398856806 -1.75408001278 -1.13477406946 -5.67398856806 -1.75408001278
0.269712052062 -1.96602020691 -5.75904396162 0.269712052062 -1.96602020691 -5.75904396162
2.08143972016 -1.93667092996 3.45484834081 2.08143972016 -1.93667092996 3.45484834081
-1.15288205741 -3.1534558188 0.288119538785 -1.15288205741 -3.1534558188 0.288119538785
2.19604443015 -0.157131415165 -1.40153538747 2.19604443015 -0.157131415165 -1.40153538747
3.08773757049 0.217467303622 -0.379086366317 3.08773757049 0.217467303622 -0.379086366317
1.66852364048 0.178955761096 1.31097257798 1.66852364048 0.178955761096 1.31097257798
3.99134628372 3.78837329532 -1.09110075721 3.99134628372 3.78837329532 -1.09110075721
-0.40428096923 2.99970126989 -4.36494461652 -0.40428096923 2.99970126989 -4.36494461652
2.88023756827 1.7424320434 -1.73368908066 2.88023756827 1.7424320434 -1.73368908066
0.306857569868 1.51405934081 0.44581668417 0.168024424786 1.85179367818 0.76362747244
1.65067167858 0.528744541669 -0.290525598689 1.65067167858 0.528744541669 -0.290525598689
-1.79021270562 2.28990168627 2.52463630368 -1.79021270562 2.28990168627 2.52463630368
-2.02770885807 -1.62393134834 2.06829975612 -2.02770885807 -1.62393134834 2.06829975612
0.499858310312 0.390347832776 -2.19187787725 0.499858310312 0.390347832776 -2.19187787725
0.222855793075 -2.59033383469 -1.85277911792 0.222855793075 -2.59033383469 -1.85277911792
1.05161216123 1.13292635469 1.0912703162 1.05161216123 1.13292635469 1.0912703162
-2.62663765198 1.37536319389 -1.47906488481 -2.62663765198 1.37536319389 -1.47906488481
4.51254596161 -3.10066017826 -3.61096933682 4.51254596161 -3.10066017826 -3.61096933682
2.82871384574 -4.05943126886 4.90340165894 2.82871384574 -4.05943126886 4.90340165894
-0.100777356958 -1.54065218672 0.0771615237601 0.0255698378575 -1.4927405004 0.431949403999
0.698482495813 -1.22828616191 3.01170418123 0.698482495813 -1.22828616191 3.01170418123
1.69748395857 -1.04938953116 1.66198872636 1.69748395857 -1.04938953116 1.66198872636
-0.847210942948 0.879127550528 -2.81399580118 -0.847210942948 0.879127550528 -2.81399580118
3.01907340932 -4.13627373529 1.2234214831 3.01907340932 -4.13627373529 1.2234214831
0.356575015916 3.17173282569 -2.00217567185 0.356575015916 3.17173282569 -2.00217567185
-2.17950485223 2.35731036845 -2.06072343338 -2.17950485223 2.35731036845 -2.06072343338
0.923138153762 0.741619106892 -0.727329994678 0.923138153762 0.741619106892 -0.727329994678
-3.7425511795 -1.21020800083 1.68472049533 -3.7425511795 -1.21020800083 1.68472049533
3.9026175929 1.25427856384 -2.46277101737 3.9026175929 1.25427856384 -2.46277101737
-0.925531050964 -0.679014116742 7.40344843542 -0.925531050964 -0.679014116742 7.40344843542
3.82419345235 0.983527567395 -0.899629859923 3.82419345235 0.983527567395 -0.899629859923
-0.379414901556 -0.223623835292 1.0885040153 -0.0950484554832 0.119179589455 1.47737845409
2.58328708467 0.368458557848 5.11372134995 2.58328708467 0.368458557848 5.11372134995
2.5110765448 -0.0664363126838 1.77333488167 2.5110765448 -0.0664363126838 1.77333488167
-0.915700534622 5.64602529436 -2.02670529766 -0.915700534622 5.64602529436 -2.02670529766
1.91374471109 -1.88054479198 4.12315046246 1.91374471109 -1.88054479198 4.12315046246
3.03697536068 2.95284846386 2.64531258322 3.03697536068 2.95284846386 2.64531258322
3.38435439577 1.93621999976 2.06954331062 3.38435439577 1.93621999976 2.06954331062
-2.90294105367 2.90546761809 -1.58674391426 -2.90294105367 2.90546761809 -1.58674391426
-4.06643238231 -1.97481794377 -2.65942498516 -4.06643238231 -1.97481794377 -2.65942498516
4.57937447436 1.53384235124 -0.704181977064 4.57937447436 1.53384235124 -0.704181977064
0.504033306958 -3.4572719013 3.52577086013 0.504033306958 -3.4572719013 3.52577086013
-1.85288824822 -1.11828813283 -3.23872325636 -1.85288824822 -1.11828813283 -3.23872325636
5.93190932855 1.90115817662 -1.35183409217 5.93190932855 1.90115817662 -1.35183409217
-2.7421363259 -1.48793720556 -1.71504618533 -2.7421363259 -1.48793720556 -1.71504618533
1.60624909373 0.0714750142652 1.0470466191 1.60624909373 0.0714750142652 1.0470466191
1.43467892487 -0.193633518755 -2.83795088464 1.23371406887 0.437539477246 -2.87490743615
0.842815530176 -0.0538103903157 -2.90015793709 0.842815530176 -0.0538103903157 -2.90015793709
0.516261517023 0.124159328407 -4.79912640241 0.516261517023 0.124159328407 -4.79912640241
-0.303286126181 -6.58807543251 3.74268727276 -0.303286126181 -6.58807543251 3.74268727276
5.36894121854 3.05761714068 -3.64460459548 5.36894121854 3.05761714068 -3.64460459548
-2.23043959324 -3.9376723939 -4.62126947437 -2.23043959324 -3.9376723939 -4.62126947437
0.673491615218 3.32842825834 1.02684230429 0.523828473899 3.22814248089 0.642430061237
0.396138583753 -2.36331947318 -0.388641209742 0.396138583753 -2.36331947318 -0.388641209742
4.72425391644 4.30907135754 6.46986656844 4.72425391644 4.30907135754 6.46986656844
-2.24043641809 1.51788560325 -2.09613675516 -2.24043641809 1.51788560325 -2.09613675516
-2.05523046434 0.79734608957 -5.07250733128 -2.05523046434 0.79734608957 -5.07250733128
1.13778458394 4.70273423617 1.589245854 1.13778458394 4.70273423617 1.589245854
2.69159771833 -2.36077484063 3.67606653128 2.15163953589 -2.49549889461 3.63350040021
-1.43525478767 -3.882824957 3.67173768977 -1.43525478767 -3.882824957 3.67173768977
2.91409131053 -1.82267656705 2.65664693213 2.91409131053 -1.82267656705 2.65664693213
-1.57402206935 -3.16913882914 -2.49308204128 -1.57402206935 -3.16913882914 -2.49308204128
-2.17362444846 -0.226575114201 0.278263313873 -2.17362444846 -0.226575114201 0.278263313873
-0.973919504553 2.27024336228 0.763543516508 -0.973919504553 2.27024336228 0.763543516508
3.36212893529 4.01993618446 3.41479663539 3.36212893529 4.01993618446 3.41479663539
-2.03082875229 3.71775980151 0.649839486385 -2.03082875229 3.71775980151 0.649839486385
-0.388821307397 0.596926145432 -0.360237597437 0.106526479637 0.271766744386 -0.621675468256
0.260458644546 1.10808380223 4.23836285055 0.260458644546 1.10808380223 4.23836285055
-0.376760162996 -2.37409170696 -2.39289783345 -0.376760162996 -2.37409170696 -2.39289783345
-0.428981985252 -0.829911863159 1.03948231667 -0.428981985252 -0.829911863159 1.03948231667
3.32589628055 0.215338838376 -0.918413641081 3.32589628055 0.215338838376 -0.918413641081
-2.0280419799 1.00404522222 -3.3270059584 -2.0280419799 1.00404522222 -3.3270059584
2.72253087493 0.341566458433 0.15354989886 2.72253087493 0.341566458433 0.15354989886
3.16520567668 -0.695533569572 -1.1904658542 2.66142554862 -0.342749680954 -1.24459385841
-0.228019753124 -0.503799370052 4.85106254976 -0.228019753124 -0.503799370052 4.85106254976
-3.20424304261 2.98979049608 1.81789802268 -3.20424304261 2.98979049608 1.81789802268
-0.0950484554832 0.119179589455 1.47737845409 -0.379414901556 -0.223623835292 1.0885040153
0.458673015157 2.46985729736 -1.02637257002 0.458673015157 2.46985729736 -1.02637257002
-0.939748115169 2.72283784422 0.619359053137 -0.939748115169 2.72283784422 0.619359053137
-1.68818353962 -0.295792798578 1.06767056614 -1.68818353962 -0.295792798578 1.06767056614
1.37980032176 0.34691652284 1.18776055865 1.37980032176 0.34691652284 1.18776055865
-0.205200660614 -1.08651300215 0.482060080496 -0.205200660614 -1.08651300215 0.482060080496
5.03816274891 1.25981370674 -0.833177618356 5.03816274891 1.25981370674 -0.833177618356
-4.16229587565 2.05232041019 -2.34813128169 -4.16229587565 2.05232041019 -2.34813128169
-0.00844985408946 1.66594071392 4.3904090946 -0.00844985408946 1.66594071392 4.3904090946
-6.29592811654 1.48713867305 -2.7347906016 -6.29592811654 1.48713867305 -2.7347906016
-0.656442857787 -4.37156448429 7.46785122247 -0.656442857787 -4.37156448429 7.46785122247
-2.60218876257 -2.79434271019 1.75087495407 -2.60218876257 -2.79434271019 1.75087495407
-6.38287736783 -1.60670476013 -2.63766275918 -6.38287736783 -1.60670476013 -2.63766275918
1.9695846987 -0.148223531564 -3.39068907118 1.9695846987 -0.148223531564 -3.39068907118
-3.37637718282 -0.619003808925 3.84415288529 -3.37637718282 -0.619003808925 3.84415288529
-0.805284664686 -1.04599700317 8.38427252724 -0.805284664686 -1.04599700317 8.38427252724
3.31711563896 5.89253083178 2.74253479395 3.31711563896 5.89253083178 2.74253479395
-3.99805332062 -0.734056246096 2.7285648955 -3.99805332062 -0.734056246096 2.7285648955
-0.942868267887 0.663032254256 -1.07307903074 -0.942868267887 0.663032254256 -1.07307903074
-2.38502950775 -2.74137063562 -2.49739711435 -2.38502950775 -2.74137063562 -2.49739711435
-4.1182146291 2.16427107055 4.4391959717 -4.1182146291 2.16427107055 4.4391959717
1.10211483734 -1.11566888006 1.62167311692 0.782154918224 -0.698225225891 1.80973112933
-0.65232260564 -2.86326091489 -1.07439134444 -0.65232260564 -2.86326091489 -1.07439134444
1.03261619742 3.46185748347 -2.82633219496 1.03261619742 3.46185748347 -2.82633219496
0.0955095431625 -1.53385905666 -3.9905796819 0.0955095431625 -1.53385905666 -3.9905796819
-2.33541183048 3.57513449175 4.40800043947 -2.33541183048 3.57513449175 4.40800043947
-3.68994073423 0.594955730289 0.475783582542 -3.68994073423 0.594955730289 0.475783582542
1.35230200257 -2.3743824645 4.22680449371 1.35230200257 -2.3743824645 4.22680449371
-0.109660426332 -1.96536868896 6.14114647367 -0.109660426332 -1.96536868896 6.14114647367
-3.16608567248 -4.28600693851 -1.17894134008 -3.16608567248 -4.28600693851 -1.17894134008
-0.284359945906 -2.7505258576 3.71406958096 -0.284359945906 -2.7505258576 3.71406958096
2.19062958327 -1.19414232388 0.472445916693 2.19062958327 -1.19414232388 0.472445916693
0.243373777813 1.10779088843 0.324766365785 0.243373777813 1.10779088843 0.324766365785
-2.33135734911 -3.79118652769 0.635872143023 -2.33135734911 -3.79118652769 0.635872143023
3.69999156829 0.556567021942 3.44374115264 3.69999156829 0.556567021942 3.44374115264
-1.99679022555 3.75569872732 -1.69758708121 -1.59708344574 3.52254425592 -1.55463324497
-1.17732073009 -3.755529647 -0.532136436455 -1.17732073009 -3.755529647 -0.532136436455
0.72904335481 3.18696529275 -3.94227650015 0.72904335481 3.18696529275 -3.94227650015
-3.25769602953 2.85478883196 -0.0280143255327 -3.25769602953 2.85478883196 -0.0280143255327
5.62884975967 -1.06324020003 -0.0902532075122 5.62884975967 -1.06324020003 -0.0902532075122
-2.88492310748 1.90474703643 -1.27668373255 -2.88492310748 1.90474703643 -1.27668373255
3.24476513561 -1.15617562196 1.96934846273 3.24476513561 -1.15617562196 1.96934846273
-1.28241657795 1.67869699554 -2.3969493216 -1.28241657795 1.67869699554 -2.3969493216
1.01604673216 -0.82066611552 2.1118469024 1.04292003897 -0.761832879558 1.86607514786
0.596914206797 -0.131595296116 0.486347738286 0.259349387432 -0.343639993249 0.953259688781
1.2334459029 1.91153606749 -3.61345432883 1.2334459029 1.91153606749 -3.61345432883
-0.185601221288 4.00276358628 -1.08904085617 -0.185601221288 4.00276358628 -1.08904085617
2.6755776153 1.85836439679 -3.01684441497 2.6755776153 1.85836439679 -3.01684441497
-0.085919639672 1.02254077365 -1.38907527757 0.246175660993 0.931878144533 -0.826956015959
0.362133691542 -2.25415320521 2.34585806684 0.362133691542 -2.25415320521 2.34585806684
-0.152607717409 -4.10103588661 1.45140683202 -0.152607717409 -4.10103588661 1.45140683202
3.24493607087 -2.02394859227 1.00205466308 3.24493607087 -2.02394859227 1.00205466308
0.160883469904 -4.79709198764 4.56038629126 0.160883469904 -4.79709198764 4.56038629126
-0.172410073904 -4.33460651081 2.81337800418 -0.172410073904 -4.33460651081 2.81337800418
3.08637355745 -2.37691718745 0.866787456413 3.08637355745 -2.37691718745 0.866787456413
-1.8687028466 -1.40809766779 -0.0734560543283 -1.8687028466 -1.40809766779 -0.0734560543283
1.35954446495 2.39955828727 2.49900247602 1.35954446495 2.39955828727 2.49900247602
1.86703255625 -3.20112627662 3.04760762113 1.86703255625 -3.20112627662 3.04760762113
3.34065802789 -1.16118067924 1.57880800732 3.34065802789 -1.16118067924 1.57880800732
-1.23623999727 -0.289459156311 1.82596314724 -1.23623999727 -0.289459156311 1.82596314724
-1.59708344574 3.52254425592 -1.55463324497 -1.91970743898 4.33966337518 -1.48650733459
0.246175660993 0.931878144533 -0.826956015959 -0.085919639672 1.02254077365 -1.38907527757
0.520573617067 2.54148173345 -0.678549285029 0.520573617067 2.54148173345 -0.678549285029
0.415642414652 -1.36743700271 3.46896982218 0.415642414652 -1.36743700271 3.46896982218
-5.29865985878 -2.38614587149 1.63681274263 -5.29865985878 -2.38614587149 1.63681274263
-2.74455251559 2.80512105068 -2.74832633666 -2.74455251559 2.80512105068 -2.74832633666
1.04862891535 -0.0710473329414 -1.73594252998 0.748668770249 -0.113587368184 -2.04055538776
0.912703949497 -1.14957154363 1.67870703523 1.10211483734 -1.11566888006 1.62167311692
0.384358198168 1.93992158275 0.553220698751 0.384358198168 1.93992158275 0.553220698751
-4.58989387393 -1.46633796421 1.77649271208 -4.58989387393 -1.46633796421 1.77649271208
-3.52096041205 -1.41106755103 5.12384471521 -3.52096041205 -1.41106755103 5.12384471521
5.27819301223 -0.604632641 0.734715869658 5.27819301223 -0.604632641 0.734715869658
-0.337323668389 4.6822713221 -7.81679610095 -0.337323668389 4.6822713221 -7.81679610095
-1.3638113779 1.15973978134 5.32636037369 -1.3638113779 1.15973978134 5.32636037369
-0.750856584031 -3.50044771096 -4.85790999637 -0.750856584031 -3.50044771096 -4.85790999637
-0.739221608337 0.318640331761 0.679972780963 -0.739221608337 0.318640331761 0.679972780963
-1.42989180792 0.445041275996 2.38246323357 -1.42989180792 0.445041275996 2.38246323357
-4.49586573278 -0.916201193856 -2.12155797069 -4.49586573278 -0.916201193856 -2.12155797069
-3.41099729168 0.107649993686 0.425952487975 -3.41099729168 0.107649993686 0.425952487975
0.30870600192 -6.51950455618 -1.68947250525 0.30870600192 -6.51950455618 -1.68947250525
-3.46638691379 -0.676053803257 -0.735567559881 -3.46638691379 -0.676053803257 -0.735567559881
0.40877116107 1.28207384514 4.830863446 0.40877116107 1.28207384514 4.830863446
-0.690532803147 -3.62111004149 2.07515799751 -0.690532803147 -3.62111004149 2.07515799751
1.58387139926 0.491148576374 2.19470129707 1.58387139926 0.491148576374 2.19470129707
1.43737282496 -1.7094695897 -1.82980317004 1.43737282496 -1.7094695897 -1.82980317004
-0.493494976737 -2.97096155378 0.101996712849 -0.493494976737 -2.97096155378 0.101996712849
-1.4255580087 -2.90339494323 1.13156276753 -1.4255580087 -2.90339494323 1.13156276753
7.14334070551 -2.79285930511 0.0886579745456 7.14334070551 -2.79285930511 0.0886579745456
-2.3803759834 1.73390307268 -3.22932754266 -2.3803759834 1.73390307268 -3.22932754266
-2.54380852252 3.18441122476 -1.23499991287 -2.54380852252 3.18441122476 -1.23499991287
-2.31218849864 0.754468434256 0.352681617618 -2.31218849864 0.754468434256 0.352681617618
2.53503426116 7.17739472993 -2.27014823922 2.53503426116 7.17739472993 -2.27014823922
-2.95823493621 2.93983794069 2.10736659727 -2.95823493621 2.93983794069 2.10736659727
-0.325023370564 0.931569118526 -1.60668873221 -0.325023370564 0.931569118526 -1.60668873221
1.72730397108 -1.62898994617 0.489025501304 1.72730397108 -1.62898994617 0.489025501304
2.17890991485 -1.12810351831 2.18305705529 2.17890991485 -1.12810351831 2.18305705529
0.306207222008 -4.87240238951 -3.78460465098 0.306207222008 -4.87240238951 -3.78460465098
-0.449162521595 -0.624929735325 -0.475774863043 -0.083645094729 -0.644030291001 -0.491728146534
5.57759283381 -0.304328400794 1.51941267848 5.57759283381 -0.304328400794 1.51941267848
-2.94397517858 1.26332949532 0.718707461705 -2.94397517858 1.26332949532 0.718707461705
-2.86135043305 -2.93318358179 -2.12205657283 -2.86135043305 -2.93318358179 -2.12205657283
-3.47967109196 -1.63719578207 0.14440648301 -3.47967109196 -1.63719578207 0.14440648301
-1.11900260949 1.42556124082 -0.947584365539 -0.999848477038 1.66812776026 -1.16877101092
2.8992644988 2.25365854347 1.6565563348 2.8992644988 2.25365854347 1.6565563348
-2.6565094539 -0.970867517757 -5.75967269117 -2.6565094539 -0.970867517757 -5.75967269117
-0.137632166058 1.6237717983 -5.18596626587 -0.137632166058 1.6237717983 -5.18596626587
0.926893743226 -2.39485745547 1.28845204104 0.926893743226 -2.39485745547 1.28845204104
3.25451967578 -0.184588741395 -3.17625896881 3.25451967578 -0.184588741395 -3.17625896881
4.32755657808 1.35406747228 -2.22302706034 4.32755657808 1.35406747228 -2.22302706034
1.44523128371 3.38479593831 -0.511000349893 1.44523128371 3.38479593831 -0.511000349893
1.1527916611 -1.50226826895 -1.05819695993 1.1527916611 -1.50226826895 -1.05819695993
0.580627432504 2.12406564595 2.13243181205 0.580627432504 2.12406564595 2.13243181205
0.0255698378575 -1.4927405004 0.431949403999 -0.100777356958 -1.54065218672 0.0771615237601
4.02811115404 4.4549978697 -2.62417559493 4.02811115404 4.4549978697 -2.62417559493
0.597438753545 2.27798809479 1.52386413487 0.597438753545 2.27798809479 1.52386413487
-0.242113138277 0.0344323976154 -3.42748536131 -0.242113138277 0.0344323976154 -3.42748536131
-0.601332646973 3.3926735933 -0.00726007895368 -0.601332646973 3.3926735933 -0.00726007895368
0.231851439041 1.32768608014 3.13687081074 0.231851439041 1.32768608014 3.13687081074
-2.97183595928 0.570789792634 4.44345208814 -2.97183595928 0.570789792634 4.44345208814
-1.7356050604 3.9998056142 0.485412591124 -1.7356050604 3.9998056142 0.485412591124
-2.32251090795 2.41934474186 -2.36699636525 -2.32251090795 2.41934474186 -2.36699636525
2.20195115077 2.38635781488 2.59279005467 2.20195115077 2.38635781488 2.59279005467
-0.822589874882 1.17600210615 -1.51737677413 -0.822589874882 1.17600210615 -1.51737677413
3.68320863837 4.55128906986 -0.243726018854 3.68320863837 4.55128906986 -0.243726018854
-3.38965438637 1.73504260332 2.96518355071 -3.38965438637 1.73504260332 2.96518355071
0.0126428294925 4.48303473711 -3.32884731807 0.0126428294925 4.48303473711 -3.32884731807
1.27947089611 2.08587197284 4.43953360571 1.27947089611 2.08587197284 4.43953360571
-1.23842233306 -0.789666608363 -2.23206688217 -1.23842233306 -0.789666608363 -2.23206688217
-1.7886345111 1.96163242198 -1.08258291039 -1.7886345111 1.96163242198 -1.08258291039
-1.77819407591 -4.98321976006 -3.37971376653 -1.77819407591 -4.98321976006 -3.37971376653
-0.0224707804648 -0.709330376615 -1.63789396942 -0.0224707804648 -0.709330376615 -1.63789396942
0.733622212918 0.389628388368 -1.01036676506 0.733622212918 0.389628388368 -1.01036676506
-3.94276109839 0.377363181434 1.68960072875 -3.91524792671 0.726286812979 1.83995826309
0.417570612798 1.6400915165 0.442572720697 0.417570612798 1.6400915165 0.442572720697
-0.804196157495 2.84169737714 0.743615384226 -0.804196157495 2.84169737714 0.743615384226
3.1289238662 -2.37572935124 -1.52029777192 3.1289238662 -2.37572935124 -1.52029777192
-0.525457743412 3.11565476929 -2.91834831454 -0.525457743412 3.11565476929 -2.91834831454
-0.083645094729 -0.644030291001 -0.491728146534 -0.449162521595 -0.624929735325 -0.475774863043
0.491543821726 -0.4311178945 0.824369347354 0.491543821726 -0.4311178945 0.824369347354
0.822405893881 -1.13530924878 -1.27340049019 0.822405893881 -1.13530924878 -1.27340049019
1.90933656887 -2.36722028468 -0.712696043481 1.90933656887 -2.36722028468 -0.712696043481
-1.33394792642 -4.647748096 4.71032347943 -1.33394792642 -4.647748096 4.71032347943
0.277624313518 1.73047264902 4.14950238189 0.277624313518 1.73047264902 4.14950238189
-1.8223623545 -1.2775172309 3.96937409513 -1.8223623545 -1.2775172309 3.96937409513
0.00823086826197 -2.98754771258 0.931613148039 0.00823086826197 -2.98754771258 0.931613148039
-0.908235542141 0.533078125675 0.376151357344 -0.908235542141 0.533078125675 0.376151357344
-0.78010265135 1.31386150258 -4.45734050532 -0.78010265135 1.31386150258 -4.45734050532
-0.772110222312 -1.59998760518 -1.85731428779 -0.772110222312 -1.59998760518 -1.85731428779
-1.11992756241 -0.354390696226 0.905397407373 -1.11992756241 -0.354390696226 0.905397407373
-0.976890381332 1.46282884942 3.52017196416 -0.976890381332 1.46282884942 3.52017196416
-1.84288026705 2.70837733229 -0.141988421444 -1.84288026705 2.70837733229 -0.141988421444
-1.95300228716 -1.75557040128 0.411016248785 -1.95300228716 -1.75557040128 0.411016248785
5.17156727079 -2.39808766809 1.2403474024 5.17156727079 -2.39808766809 1.2403474024
-0.659207839242 -0.999527857852 -3.90726689998 -0.659207839242 -0.999527857852 -3.90726689998
5.4249489023 1.39812568374 1.67852949657 5.4249489023 1.39812568374 1.67852949657
3.11015103798 -0.895527175631 1.88702018022 3.11015103798 -0.895527175631 1.88702018022
-2.96105676176 5.61763956049 1.19693846444 -2.96105676176 5.61763956049 1.19693846444
1.38487622423 -3.94964852333 -4.72234934059 1.38487622423 -3.94964852333 -4.72234934059
-2.55578904237 -4.92161565955 -0.224428098651 -2.55578904237 -4.92161565955 -0.224428098651
0.571882776547 -0.793436715022 -0.207461949354 0.571882776547 -0.793436715022 -0.207461949354
-2.25600716996 1.35517344594 -2.30250473262 -2.25600716996 1.35517344594 -2.30250473262
1.8734843891 -1.7724173022 -1.95564551043 1.8734843891 -1.7724173022 -1.95564551043
0.749458963102 4.34467130766 0.833603192956 0.749458963102 4.34467130766 0.833603192956
4.67378878287 -0.22198881882 -2.14981334106 4.67378878287 -0.22198881882 -2.14981334106
-2.28246209159 -0.657898993021 1.8331747544 -2.28246209159 -0.657898993021 1.8331747544
1.17732338799 0.557984649964 0.485174005118 1.17732338799 0.557984649964 0.485174005118
1.49246016982 -1.97972757571 2.2782559542 1.49246016982 -1.97972757571 2.2782559542
-1.28886316983 2.62543054265 -3.84538901631 -1.28886316983 2.62543054265 -3.84538901631
4.17944212092 -4.85059086862 0.573008473335 4.17944212092 -4.85059086862 0.573008473335
-2.99749591457 -2.64387125247 0.0130980530903 -2.99749591457 -2.64387125247 0.0130980530903
1.38066150019 -7.03114281646 -0.176474326555 1.38066150019 -7.03114281646 -0.176474326555
-0.970482482358 0.561396852223 -0.151417993415 -0.970482482358 0.561396852223 -0.151417993415
-0.0354814569552 -2.75087633329 2.91947978637 -0.0354814569552 -2.75087633329 2.91947978637
3.46574564344 3.71422394001 -3.62836594623 3.46574564344 3.71422394001 -3.62836594623
1.8525733242 -1.5201747122 2.65357873381 1.8525733242 -1.5201747122 2.65357873381
2.62438612725 -0.365894391783 -4.51090312754 2.62438612725 -0.365894391783 -4.51090312754
1.16659072618 1.37974784952 2.5049008778 1.16659072618 1.37974784952 2.5049008778
-0.539091700427 -0.279348424484 4.55243191472 -0.539091700427 -0.279348424484 4.55243191472
-0.669346590917 -2.47801181474 -2.68246026489 -0.669346590917 -2.47801181474 -2.68246026489
6.17495970866 -1.1578269138 -0.943848128083 6.17495970866 -1.1578269138 -0.943848128083
1.24515333515 -0.662606718877 -2.59776758945 1.24515333515 -0.662606718877 -2.59776758945
0.853497622751 -2.19265227066 -6.12380292249 0.853497622751 -2.19265227066 -6.12380292249
0.843920749083 1.77739885878 -6.36394081465 0.843920749083 1.77739885878 -6.36394081465
1.84250959996 2.48384540526 0.311134083308 1.84250959996 2.48384540526 0.311134083308
0.367477931318 -3.3867426728 1.50810753409 0.367477931318 -3.3867426728 1.50810753409
2.19250429612 1.0685962743 1.4845321385 2.19054709156 0.995019480825 0.983198480134
-3.83867931835 -0.482726688358 1.4635578974 -3.83867931835 -0.482726688358 1.4635578974
1.16533814817 1.45398708824 -3.70238137614 1.16533814817 1.45398708824 -3.70238137614
0.91213099677 -1.78762907934 0.429654701381 0.91213099677 -1.78762907934 0.429654701381
-1.1312080747 3.39651553924 -1.68423734815 -1.1312080747 3.39651553924 -1.68423734815
-2.85191688763 0.0769514078548 -1.95627137344 -2.85191688763 0.0769514078548 -1.95627137344
0.663586564826 1.6695068972 -3.60376961918 0.663586564826 1.6695068972 -3.60376961918
-2.22495349061 -2.95525679633 -2.29598398641 -2.22495349061 -2.95525679633 -2.29598398641
0.748668770249 -0.113587368184 -2.04055538776 1.04862891535 -0.0710473329414 -1.73594252998
-1.91970743898 4.33966337518 -1.48650733459 -1.99679022555 3.75569872732 -1.69758708121
2.40531190488 1.23953695788 2.39294281309 2.40531190488 1.23953695788 2.39294281309
2.12849394919 -1.60436913913 1.24616715038 2.12849394919 -1.60436913913 1.24616715038
