1.44277466417 2.64834152665 0.245984012486 1.44277466417 2.64834152665 0.245984012486
-0.713361435256 3.03387654042 0.404259214603 -0.713361435256 3.03387654042 0.404259214603
3.83719268403 -4.78466859231 0.786538152698 3.83719268403 -4.78466859231 0.786538152698
1.59935712771 -1.0414512201 1.31923647763 1.29573159238 -0.921859413942 1.26929217677
1.67460197392 1.68198404724 4.34140879029 1.67460197392 1.68198404724 4.34140879029
-0.628570130657 3.88162044285 1.84297361844 -0.38217108364 4.12248320922 1.76412347778
4.03615800249 -4.058014142 -2.44289059567 4.03615800249 -4.058014142 -2.44289059567
1.17451001191 1.24238165588 -0.671460397428 0.936808141685 0.904217619243 -0.643104166559
-0.261337679007 2.42837954584 -1.20700906194 -0.261337679007 2.42837954584 -1.20700906194
-6.41334981064 -4.81615944712 5.39563123039 -6.41334981064 -4.81615944712 5.39563123039
-1.03325391705 -1.90018771705 1.66256517467 -1.03325391705 -1.90018771705 1.66256517467
1.50503581001 6.29245558515 3.60735184687 1.50503581001 6.29245558515 3.60735184687
3.65743274406 2.30794097426 0.630500929192 3.61380283448 2.17524996058 0.891331997798
-0.995292435999 4.1953455187 6.59908993378 -0.995292435999 4.1953455187 6.59908993378
-1.01303472268 -0.251797091347 -0.71924445137 -1.01303472268 -0.251797091347 -0.71924445137
0.390914525046 0.894721751855 -0.882700964654 0.390914525046 0.894721751855 -0.882700964654
-0.00686703793489 -1.14268378842 0.664252978812 -0.161616806727 -0.883113926515 0.615311189325
0.516704009261 0.776115006906 -0.988597981974 0.628514909121 0.869986963465 -1.03867130507
-2.27430427143 4.53283063733 -0.682163447913 -2.27430427143 4.53283063733 -0.682163447913
-2.88560603087 0.876672467576 2.69509049784 -2.88560603087 0.876672467576 2.69509049784
-2.43815448643 1.94348538914 -0.409186157525 -2.43815448643 1.94348538914 -0.409186157525
-0.561085898542 0.0149808317932 0.150884971873 -0.224763270193 -0.100954042608 0.195583718329
2.46917054545 2.28220623152 -1.1050669706 2.46917054545 2.28220623152 -1.1050669706
1.44209433184 1.85137428875 -0.273478355121 1.44209433184 1.85137428875 -0.273478355121
0.616667330782 -1.01048134034 -0.820221508826 0.616667330782 -1.01048134034 -0.820221508826
1.29767342548 1.81234285485 -2.77757390869 1.29767342548 1.81234285485 -2.77757390869
1.11203318091 0.98075123568 1.22213339558 1.11203318091 0.98075123568 1.22213339558
-2.3435214532 2.6998501887 4.68655674647 -2.3435214532 2.6998501887 4.68655674647
-2.22792383013 4.62666006092 -2.1586628288 -2.22792383013 4.62666006092 -2.1586628288
0.07990752155 -0.483250854105 0.56755547021 0.07990752155 -0.483250854105 0.56755547021
-0.484138871024 1.122610459 1.14401194427 -0.484138871024 1.122610459 1.14401194427
0.23416008513 -0.841664774215 -0.063802484707 0.23416008513 -0.841664774215 -0.063802484707
2.7187604707 1.55554367867 0.412141450634 2.7187604707 1.55554367867 0.412141450634
-1.61832459064 0.108698976435 0.617960869087 -1.61832459064 0.108698976435 0.617960869087
2.81044023769 -0.656941667048 -0.0237844188171 2.81044023769 -0.656941667048 -0.0237844188171
1.96341758774 -3.59573933161 2.46933844651 1.96341758774 -3.59573933161 2.46933844651
-0.700770994211 -0.555105521244 -6.06541307458 -0.700770994211 -0.555105521244 -6.06541307458
2.73179831893 -1.88409972333 1.22010790901 2.73179831893 -1.88409972333 1.22010790901
-0.110624389649 3.49651847323 1.69826878878 -0.110624389649 3.49651847323 1.69826878878
1.3834627581 0.279558142625 2.75362885155 1.3834627581 0.279558142625 2.75362885155
-0.484714648407 -0.740291732688 -0.249965125164 -0.370511830398 -0.898166761386 -0.060428726533
2.45590738645 -2.63071350515 -3.15437846157 2.45590738645 -2.63071350515 -3.15437846157
0.392989090681 -1.79891655406 -2.76742813947 0.392989090681 -1.79891655406 -2.76742813947
-4.14506275618 3.79591348525 -1.07654606175 -4.14506275618 3.79591348525 -1.07654606175
-1.66243415644 -1.89424603416 -0.291869652387 -1.6617882241 -2.35446592177 -0.238263438195
2.39580251491 2.07475014791 1.67534331956 2.39580251491 2.07475014791 1.67534331956
2.52099103675 -0.855035000384 -1.0011307016 2.52099103675 -0.855035000384 -1.0011307016
1.62036331654 -3.63939245741 0.0678483097812 1.62036331654 -3.63939245741 0.0678483097812
-2.78625818049 0.665317258009 -2.41333953818 -2.78625818049 0.665317258009 -2.41333953818
0.533286100035 -0.847098988731 0.793849544312 0.533286100035 -0.847098988731 0.793849544312
-1.29311392864 1.00166638448 -1.06204618021 -1.29311392864 1.00166638448 -1.06204618021
-1.74948676039 -0.0752618960358 -1.45171902315 -1.74948676039 -0.0752618960358 -1.45171902315
-0.78249791666 -2.06481324496 3.4105745089 -0.78249791666 -2.06481324496 3.4105745089
-3.95788585971 -0.539640075566 1.85877376961 -3.95788585971 -0.539640075566 1.85877376961
1.29313043594 5.00856740045 5.38517515771 1.29313043594 5.00856740045 5.38517515771
-1.63644078607 0.709890876346 -0.58245620033 -1.63644078607 0.709890876346 -0.58245620033
0.628514909121 0.869986963465 -1.03867130507 0.00649495464836 1.18435328564 -0.99649279902
-1.61013788737 -1.01585740478 0.175300799043 -1.61013788737 -1.01585740478 0.175300799043
2.17794987223 2.62407154411 -2.66711193068 2.17794987223 2.62407154411 -2.66711193068
4.34812901569 0.0920816614236 2.00817904343 4.34812901569 0.0920816614236 2.00817904343
-0.86285710001 -0.91380644653 -0.86341688923 -0.649334890297 -1.63433504858 -0.963799405553
1.99147678585 0.813681473219 -0.275088372891 1.99147678585 0.813681473219 -0.275088372891
-1.61394577903 0.6693091412 -1.09012705137 -1.61394577903 0.6693091412 -1.09012705137
2.61921932857 -2.21079458217 1.86787874443 2.45600053685 -1.46367878313 1.75597113753
-0.481192874054 0.395690441537 -1.18271300214 -0.481192874054 0.395690441537 -1.18271300214
-0.54733255362 -0.510390400359 3.04229048296 -0.54733255362 -0.510390400359 3.04229048296
0.796233851253 2.20882646663 1.72724511879 0.796233851253 2.20882646663 1.72724511879
-2.96625185727 -0.240202672259 2.27122626451 -2.96625185727 -0.240202672259 2.27122626451
2.31221599251 -1.69735932977 -0.437355585463 2.31221599251 -1.69735932977 -0.437355585463
0.181321826757 2.81012071415 -1.80613458931 0.181321826757 2.81012071415 -1.80613458931
2.00118166078 -3.46461085487 1.02179894079 2.00118166078 -3.46461085487 1.02179894079
0.335873987798 2.56274345517 -1.31290479356 0.335873987798 2.56274345517 -1.31290479356
-2.48679129818 -0.00698315996499 -0.98895713968 -2.48679129818 -0.00698315996499 -0.98895713968
3.83137963173 0.775984073836 -2.07345042858 3.52080231936 0.593789802912 -2.12072146583
-1.05036341239 -1.10506341576 -0.601271899791 -0.670535559981 -1.25375987853 -0.744940446052
-3.30635450595 -0.825916162279 1.45764999947 -3.30635450595 -0.825916162279 1.45764999947
-0.81933748124 -0.678872154673 -0.0770141029573 -0.81933748124 -0.678872154673 -0.0770141029573
3.95928464046 1.79958517523 3.30151600479 3.95928464046 1.79958517523 3.30151600479
1.1254072543 1.22654080457 0.408329164377 1.1254072543 1.22654080457 0.408329164377
0.116968488822 -1.55239276153 3.06959983605 0.116968488822 -1.55239276153 3.06959983605
1.58656955026 -0.803753335561 1.66275305366 1.58656955026 -0.803753335561 1.66275305366
2.28887216437 -4.29485520336 -0.863886072941 2.28887216437 -4.29485520336 -0.863886072941
-1.12743700381 -1.49400524261 -0.38942934485 -0.853569606442 -1.34028830636 -0.0104012604678
-3.46604326702 -2.45693158925 -2.87724302195 -3.46604326702 -2.45693158925 -2.87724302195
-1.80798463028 -0.566378451088 2.25398457261 -1.80798463028 -0.566378451088 2.25398457261
-2.9457643704 -0.79051147031 -1.92648499323 -2.9457643704 -0.79051147031 -1.92648499323
-4.63774192676 -0.187731127596 0.938069543597 -4.63774192676 -0.187731127596 0.938069543597
-1.53070963912 3.11606554878 1.23846274676 -1.53070963912 3.11606554878 1.23846274676
3.12541047324 0.248901152352 -5.74575499311 3.12541047324 0.248901152352 -5.74575499311
-4.79463415842 0.0233112209291 3.1860655224 -4.79463415842 0.0233112209291 3.1860655224
-6.70425392497 1.3216447592 -0.0707748239247 -6.70425392497 1.3216447592 -0.0707748239247
3.15467681117 -1.48873997331 0.431458527894 3.15467681117 -1.48873997331 0.431458527894
1.5124872136 0.387891750185 -2.93245595373 1.5124872136 0.387891750185 -2.93245595373
-1.90587061163 -0.33454769439 -2.49567875633 -1.90587061163 -0.33454769439 -2.49567875633
2.02628587036 3.5506602353 -4.95289331506 2.02628587036 3.5506602353 -4.95289331506
1.13525768436 -5.05085389048 -1.00454983767 1.13525768436 -5.05085389048 -1.00454983767
-1.032296476 2.34175772652 1.54112337842 -1.032296476 2.34175772652 1.54112337842
5.21161318382 -5.14812181283 -0.359691887572 5.21161318382 -5.14812181283 -0.359691887572
2.08097440069 -1.21544027489 -1.73156493954 2.08097440069 -1.21544027489 -1.73156493954
1.25478048274 3.40945638947 -0.714898118324 1.25478048274 3.40945638947 -0.714898118324
-3.92023214124 -1.83679938926 -0.2321564081 -3.92023214124 -1.83679938926 -0.2321564081
-2.34887730728 2.55621206138 1.40435100863 -2.34887730728 2.55621206138 1.40435100863
-1.99917831814 -0.721838076984 -2.33913341958 -1.99917831814 -0.721838076984 -2.33913341958
0.379227285206 2.45997365172 5.76216187586 0.379227285206 2.45997365172 5.76216187586
1.41850078399 0.552265533229 -1.66540666784 1.53479362704 0.466143687504 -1.31062829218
1.38055327115 1.49471957257 -3.80273396459 1.38055327115 1.49471957257 -3.80273396459
-0.413873424322 4.37392820004 2.20555347721 -0.413873424322 4.37392820004 2.20555347721
2.63205653781 -1.87563196468 -2.65603486023 2.63205653781 -1.87563196468 -2.65603486023
-0.391658872407 1.15013310736 -2.67334217516 -0.391658872407 1.15013310736 -2.67334217516
-2.27191912981 0.947674207836 -1.1315930508 -2.27191912981 0.947674207836 -1.1315930508
-2.00006843644 0.486511505397 -1.37135897703 -2.00006843644 0.486511505397 -1.37135897703
-0.109972559588 1.01265630821 1.15163458639 -0.109972559588 1.01265630821 1.15163458639
1.13888115037 -2.22271021069 -3.16092950134 1.13888115037 -2.22271021069 -3.16092950134
4.39374337484 -0.130475955272 0.0847435822778 4.39374337484 -0.130475955272 0.0847435822778
-1.06359384094 2.1142940683 2.12540177296 -1.06359384094 2.1142940683 2.12540177296
-1.49843563272 0.14014233734 -2.82448908473 -1.49843563272 0.14014233734 -2.82448908473
0.969272844007 -4.09581204938 -2.21038560699 0.969272844007 -4.09581204938 -2.21038560699
-0.88414732317 -1.71403443596 -0.287878859912 -0.88414732317 -1.71403443596 -0.287878859912
-0.3097270607 -0.837357180999 -0.504560814946 -0.347816068228 -1.23147201436 -1.04966945825
-1.39162107767 -0.423833634542 1.1287172066 -1.39162107767 -0.423833634542 1.1287172066
-2.85246041652 1.05950998015 -2.83566999649 -2.85246041652 1.05950998015 -2.83566999649
0.253389166185 4.59931311032 2.43869897423 0.253389166185 4.59931311032 2.43869897423
0.0808455039706 0.838763568207 -0.650072904502 0.455195326004 1.20816784856 -0.620014238387
-1.80450192935 1.74808897426 -2.41003563599 -1.80450192935 1.74808897426 -2.41003563599
-3.75575091709 -3.21760446725 0.960402389874 -3.75575091709 -3.21760446725 0.960402389874
-4.31951492039 0.325735343083 -1.51541375758 -4.31951492039 0.325735343083 -1.51541375758
-1.47488165876 -0.794701286845 -1.69928021628 -1.47488165876 -0.794701286845 -1.69928021628
1.66398892764 2.48051721193 -1.162356501 1.66398892764 2.48051721193 -1.162356501
-1.02443529751 -1.63239135691 2.2996478582 -1.02443529751 -1.63239135691 2.2996478582
-1.59192410009 2.04454434219 -2.17564245256 -1.59192410009 2.04454434219 -2.17564245256
-2.36231966428 -2.2636327665 -2.33397380158 -2.36231966428 -2.2636327665 -2.33397380158
-0.167848986335 1.49240852112 2.12097726379 -0.363829679732 1.05579331395 2.08361806457
-0.762392973351 -1.52130854259 -0.843350412354 -0.762392973351 -1.52130854259 -0.843350412354
3.22072025999 -0.0660028099941 -0.544194624414 3.22072025999 -0.0660028099941 -0.544194624414
-4.64999801306 8.42588647082 1.13568377069 -4.64999801306 8.42588647082 1.13568377069
5.52156943561 0.778463175559 -2.59022710595 5.23663723039 1.12361214224 -2.94011957405
-3.12082593222 -0.991857678401 3.70780122211 -2.7116725267 -0.466702029712 3.93126833106
3.47780144037 -0.375994297592 -1.16268183939 3.47780144037 -0.375994297592 -1.16268183939
4.59901178093 1.85862526624 0.287744890886 4.59901178093 1.85862526624 0.287744890886
-0.0935463973653 -0.929659073034 -2.34773112993 -0.587853392453 -0.617195990419 -1.73158289803
-1.58141046285 3.00210399522 0.713949316336 -1.68367719278 2.95242419569 0.0732897345248
-0.937780005338 -2.73432123425 2.55338195375 -0.937780005338 -2.73432123425 2.55338195375
-0.857585889479 -3.62287342788 0.770872919746 -0.857585889479 -3.62287342788 0.770872919746
2.07953467224 2.75804824003 -2.25508913958 2.07953467224 2.75804824003 -2.25508913958
0.891589067423 -2.70012444409 -1.22700554609 0.891589067423 -2.70012444409 -1.22700554609
3.0285350936 1.90000673696 5.57170460772 3.0285350936 1.90000673696 5.57170460772
-0.649334890297 -1.63433504858 -0.963799405553 -0.491330678695 -1.42888309455 -0.64465762276
0.760685911912 0.713111783329 2.55493535497 0.760685911912 0.713111783329 2.55493535497
-0.215620133388 4.26031754053 -0.361341662975 -0.215620133388 4.26031754053 -0.361341662975
-4.7873708415 0.159363324265 -0.26650370493 -4.7873708415 0.159363324265 -0.26650370493
3.1970964535 0.678151310404 -0.674425946947 3.1970964535 0.678151310404 -0.674425946947
3.24439211374 1.36247065695 1.96431539847 3.24439211374 1.36247065695 1.96431539847
3.61380283448 2.17524996058 0.891331997798 3.65743274406 2.30794097426 0.630500929192
5.22206703239 0.651452452281 -0.173919119267 5.22206703239 0.651452452281 -0.173919119267
1.23825879131 2.60276585746 -0.0499299372476 1.23825879131 2.60276585746 -0.0499299372476
-2.4409537696 -0.233575065934 -1.88074688549 -2.3983749404 -0.296787245871 -1.65736174673
-0.780191973515 -2.22039955143 -3.4205027243 -0.780191973515 -2.22039955143 -3.4205027243
0.192911380102 0.859887806313 -0.0130140511851 0.553579510545 1.03483529546 0.217362750322
1.34912047321 2.64110634715 -4.16336958601 1.34912047321 2.64110634715 -4.16336958601
-0.326707256502 -1.02157097458 -1.56298262141 -0.0935463973653 -0.929659073034 -2.34773112993
2.49420000099 2.82374272976 -0.555769405222 2.49420000099 2.82374272976 -0.555769405222
-1.43779744394 -3.98156168794 2.36876368102 -1.43779744394 -3.98156168794 2.36876368102
-4.2485588618 -2.04301882795 -2.76841460525 -4.2485588618 -2.04301882795 -2.76841460525
-3.21169660777 1.58780803575 0.746429369219 -3.21169660777 1.58780803575 0.746429369219
-6.15631412507 4.75696818841 -1.38041368173 -6.15631412507 4.75696818841 -1.38041368173
-1.61089427565 2.72351416919 -3.45388209221 -1.61089427565 2.72351416919 -3.45388209221
0.450763929075 -2.03553729025 -3.05166663903 0.450763929075 -2.03553729025 -3.05166663903
-3.49839507932 2.65331210028 -1.37866476025 -3.49839507932 2.65331210028 -1.37866476025
-5.38493645021 -5.63942007534 -1.94259203912 -5.38493645021 -5.63942007534 -1.94259203912
0.506409797289 -2.64607009598 1.80162461794 0.506409797289 -2.64607009598 1.80162461794
5.53387350536 1.04649760108 -3.63546606589 5.53387350536 1.04649760108 -3.63546606589
-3.16449954075 5.61436665012 3.3996825007 -3.16449954075 5.61436665012 3.3996825007
3.91816242342 0.958018928047 0.239522086133 3.91816242342 0.958018928047 0.239522086133
-5.53089262595 -4.56571812341 0.64378124004 -5.53089262595 -4.56571812341 0.64378124004
-0.224763270193 -0.100954042608 0.195583718329 -0.561085898542 0.0149808317932 0.150884971873
1.66506571418 -1.22101578229 5.68111654224 1.66506571418 -1.22101578229 5.68111654224
-0.00796857573164 -0.459523928373 -3.86762789689 -0.00796857573164 -0.459523928373 -3.86762789689
4.30135827876 0.554663214488 -1.89509806165 4.30135827876 0.554663214488 -1.89509806165
-0.900696789825 -2.68956531023 -0.89476791646 -0.900696789825 -2.68956531023 -0.89476791646
1.02266946262 3.714974622 -2.18179021891 1.02266946262 3.714974622 -2.18179021891
0.509175219919 -2.17771265592 0.322983468615 0.509175219919 -2.17771265592 0.322983468615
2.47046612132 -1.99514848189 1.98110621258 2.61921932857 -2.21079458217 1.86787874443
0.663659503429 -1.2269832889 -1.49357082854 0.663659503429 -1.2269832889 -1.49357082854
-0.131066149118 -3.66286883964 -0.534283958145 -0.131066149118 -3.66286883964 -0.534283958145
-2.36687841685 4.44125153447 -3.57062490596 -2.36687841685 4.44125153447 -3.57062490596
-3.80233333196 -1.06709930509 1.94490596327 -3.80233333196 -1.06709930509 1.94490596327
0.996396162824 -1.72577122308 4.90676100922 0.996396162824 -1.72577122308 4.90676100922
-5.18633634138 3.22329064127 -4.40182569446 -5.18633634138 3.22329064127 -4.40182569446
3.8177162072 3.89417550254 -1.7709413223 3.8177162072 3.89417550254 -1.7709413223
-0.744612921184 -4.34291726988 -0.0581217848007 -0.744612921184 -4.34291726988 -0.0581217848007
3.28536013459 -0.227164401937 -5.10429085065 3.28536013459 -0.227164401937 -5.10429085065
-0.434410979644 4.45875278911 1.63641771937 -0.434410979644 4.45875278911 1.63641771937
-2.30349800913 1.90262486123 -0.198060887456 -1.94906040644 2.05465315064 -0.0269193724078
0.446958102121 -0.155335763699 2.68842747177 0.446958102121 -0.155335763699 2.68842747177
-2.60400999239 -0.506447777148 -1.18425764379 -2.4409537696 -0.233575065934 -1.88074688549
2.45600053685 -1.46367878313 1.75597113753 2.47046612132 -1.99514848189 1.98110621258
-1.35181639077 2.45569235454 -1.70324345793 -1.35181639077 2.45569235454 -1.70324345793
-0.491330678695 -1.42888309455 -0.64465762276 -1.05036341239 -1.10506341576 -0.601271899791
-0.370511830398 -0.898166761386 -0.060428726533 -0.319822625721 -0.494234812313 -0.730485962867
-6.12001225686 0.481593445571 -1.71224618542 -6.12001225686 0.481593445571 -1.71224618542
-2.55322237233 -0.562014305474 -0.521141344536 -2.55322237233 -0.562014305474 -0.521141344536
0.161779123033 1.00835217107 -0.115403524557 0.161779123033 1.00835217107 -0.115403524557
-2.40919016286 -0.321554879725 -1.52231494415 -2.32711358335 -0.251390543884 -1.47470466227
2.52523303879 -0.55701466681 -1.27619490409 2.52523303879 -0.55701466681 -1.27619490409
0.361638581261 1.56499860282 0.734928470306 0.361638581261 1.56499860282 0.734928470306
0.159038265565 0.260835676208 -1.59232787269 0.159038265565 0.260835676208 -1.59232787269
-2.17641544161 1.0691488025 1.82888500662 -2.17641544161 1.0691488025 1.82888500662
-2.45084957563 -5.16651463833 1.013711182 -2.45084957563 -5.16651463833 1.013711182
0.846323431554 3.11522447347 -2.15716348779 0.846323431554 3.11522447347 -2.15716348779
2.88913507316 -0.0354439053761 -0.554671894106 2.88913507316 -0.0354439053761 -0.554671894106
2.57400326827 -0.2225558227 -1.4416836192 2.57400326827 -0.2225558227 -1.4416836192
-2.59789864734 0.518502315553 2.21444722655 -2.59789864734 0.518502315553 2.21444722655
-0.0787803629671 -1.30052132395 -0.751300453385 0.608917801818 -0.830461777528 -0.740877049621
-2.9714295192 0.132543123439 1.88193902709 -2.9714295192 0.132543123439 1.88193902709
-0.587853392453 -0.617195990419 -1.73158289803 -0.326707256502 -1.02157097458 -1.56298262141
1.48645513637 -3.10843475717 1.00077002177 1.48645513637 -3.10843475717 1.00077002177
1.10195824214 -0.294758431523 5.17890733618 1.10195824214 -0.294758431523 5.17890733618
2.68509790707 0.356813853329 -1.32129818294 2.68509790707 0.356813853329 -1.32129818294
0.628854929206 1.2449636174 -1.27691027802 0.516704009261 0.776115006906 -0.988597981974
1.00600689323 2.01421885571 0.110557604395 1.00600689323 2.01421885571 0.110557604395
3.43059366088 3.0738450174 -0.0481124017143 3.43059366088 3.0738450174 -0.0481124017143
-0.363829679732 1.05579331395 2.08361806457 -0.167848986335 1.49240852112 2.12097726379
-0.911040078661 3.30549136925 -0.742033069116 -0.911040078661 3.30549136925 -0.742033069116
-2.16910938284 0.825578987797 1.95081352777 -2.16910938284 0.825578987797 1.95081352777
-2.36382502488 1.46005449695 -3.12561427888 -2.36382502488 1.46005449695 -3.12561427888
-0.569983974841 -1.32252071454 3.09455754336 -0.569983974841 -1.32252071454 3.09455754336
2.78605076065 1.44649966777 2.98226980764 2.78605076065 1.44649966777 2.98226980764
1.02915282619 0.994932415563 -2.21491983933 1.02915282619 0.994932415563 -2.21491983933
-1.19269145108 -1.35470037335 1.76940325558 -1.48319976905 -1.65106285482 1.55556213936
-5.93230029379 0.016247647883 -4.01312271447 -5.93230029379 0.016247647883 -4.01312271447
-0.305047516571 -5.31535693025 -0.795156775785 -0.305047516571 -5.31535693025 -0.795156775785
4.12509752647 2.93193431349 -3.22454385629 4.12509752647 2.93193431349 -3.22454385629
-2.22343148521 -2.88428697172 -0.984935390664 -2.22343148521 -2.88428697172 -0.984935390664
-1.16544807307 -1.75049902623 -1.20199281366 -1.16544807307 -1.75049902623 -1.20199281366
0.455195326004 1.20816784856 -0.620014238387 1.17451001191 1.24238165588 -0.671460397428
-1.48319976905 -1.65106285482 1.55556213936 -1.19269145108 -1.35470037335 1.76940325558
-2.72837076084 1.52827387104 0.769185941684 -2.72837076084 1.52827387104 0.769185941684
1.96885132989 -1.6143307723 1.15007745542 1.96885132989 -1.6143307723 1.15007745542
1.43200870207 -3.08080962401 0.00284117021308 1.43200870207 -3.08080962401 0.00284117021308
1.32830324475 1.78835078484 -0.11486840111 1.32830324475 1.78835078484 -0.11486840111
3.52080231936 0.593789802912 -2.12072146583 3.83137963173 0.775984073836 -2.07345042858
-3.27233695019 -0.502795884104 -2.66389388013 -3.27233695019 -0.502795884104 -2.66389388013
0.0727121036055 0.48127416476 -1.44648196186 0.0727121036055 0.48127416476 -1.44648196186
-0.223144763848 0.274918811129 0.845963844575 -0.223144763848 0.274918811129 0.845963844575
1.54417627049 -2.74909946787 -4.22643448049 1.54417627049 -2.74909946787 -4.22643448049
-1.6617882241 -2.35446592177 -0.238263438195 -1.66243415644 -1.89424603416 -0.291869652387
-0.871743577219 -1.42554766232 0.258591406181 -0.871743577219 -1.42554766232 0.258591406181
4.66074499911 0.268973566239 0.732008161237 4.66074499911 0.268973566239 0.732008161237
2.37307639473 -0.0428270083032 1.3732492311 2.37307639473 -0.0428270083032 1.3732492311
1.3060259001 -2.64130603864 1.09365629418 1.3060259001 -2.64130603864 1.09365629418
-0.0485297715765 2.35944349837 -4.31194971415 -0.0485297715765 2.35944349837 -4.31194971415
2.92870280551 -0.854236896131 -0.0716517715445 2.92870280551 -0.854236896131 -0.0716517715445
-0.529671526761 -1.05447277586 -2.8028494033 -0.529671526761 -1.05447277586 -2.8028494033
1.16309901379 -1.21302460713 -0.93764302668 1.16309901379 -1.21302460713 -0.93764302668
-0.491850262354 3.8156399851 1.74046113074 -0.491850262354 3.8156399851 1.74046113074
-1.44825415094 0.110735372355 -2.37098632397 -2.02064541664 -0.30050754167 -2.82567806665
0.163028705522 4.01937302875 -2.60858785073 0.163028705522 4.01937302875 -2.60858785073
-0.248402555488 -1.91254572037 -0.97615182786 -0.248402555488 -1.91254572037 -0.97615182786
0.936808141685 0.904217619243 -0.643104166559 0.628854929206 1.2449636174 -1.27691027802
1.53479362704 0.466143687504 -1.31062829218 1.41850078399 0.552265533229 -1.66540666784
-2.7116725267 -0.466702029712 3.93126833106 -3.12082593222 -0.991857678401 3.70780122211
2.01541999215 -0.371619705438 -2.72199774307 2.01541999215 -0.371619705438 -2.72199774307
2.24944595867 1.77687343638 -0.545689918379 2.24944595867 1.77687343638 -0.545689918379
1.72171860494 2.64261305034 -0.510613726821 1.72171860494 2.64261305034 -0.510613726821
0.732611409238 1.12513027547 -1.91180093223 0.732611409238 1.12513027547 -1.91180093223
-0.0510930983889 -1.0167586851 0.00479873925718 -0.0510930983889 -1.0167586851 0.00479873925718
-1.34139510248 1.67980165049 -1.28401562436 -1.34139510248 1.67980165049 -1.28401562436
-3.88645046104 3.79780482268 0.146255585699 -3.88645046104 3.79780482268 0.146255585699
-4.37764030973 0.137257993274 -2.35614563904 -4.37764030973 0.137257993274 -2.35614563904
1.07887740661 -0.319180982143 0.0721706742714 1.07887740661 -0.319180982143 0.0721706742714
-0.862795513574 -6.17345014868 -1.90546306829 -0.862795513574 -6.17345014868 -1.90546306829
3.01834471756 1.73489768932 -0.0684467148089 3.01834471756 1.73489768932 -0.0684467148089
2.18885464319 -0.814675454012 2.74249281791 2.18885464319 -0.814675454012 2.74249281791
0.686213098356 1.00298683257 -1.93907176964 0.539771818556 0.332518878266 -1.75511143442
-1.74921659045 1.80092925344 -1.86151446446 -1.74921659045 1.80092925344 -1.86151446446
-0.474705072409 -1.77845648079 2.24385543915 -0.474705072409 -1.77845648079 2.24385543915
1.34464638001 0.410385326767 -0.37992735235 1.34464638001 0.410385326767 -0.37992735235
2.33969595498 4.45075519191 -0.24707778145 2.33969595498 4.45075519191 -0.24707778145
3.07465458984 -4.18564541688 -0.683873444776 3.07465458984 -4.18564541688 -0.683873444776
-1.50174661296 1.19911433691 0.391269052916 -1.50174661296 1.19911433691 0.391269052916
-0.0725984995501 0.725347432616 -2.1344424832 -0.0725984995501 0.725347432616 -2.1344424832
0.470931856158 -4.68117909825 2.80172833856 0.470931856158 -4.68117909825 2.80172833856
-2.32711358335 -0.251390543884 -1.47470466227 -2.60400999239 -0.506447777148 -1.18425764379
-3.27342172792 -2.93505425449 2.08491285278 -3.27342172792 -2.93505425449 2.08491285278
3.54537029119 0.17204569955 -3.95541422679 3.54537029119 0.17204569955 -3.95541422679
-1.94906040644 2.05465315064 -0.0269193724078 -2.30349800913 1.90262486123 -0.198060887456
-3.66975459556 0.635985619835 3.3006599015 -3.66975459556 0.635985619835 3.3006599015
-0.791921387718 1.52642872545 4.96809307167 -0.791921387718 1.52642872545 4.96809307167
-0.427974510971 -1.33100000489 0.907572611709 -0.225700046035 -0.991160564206 -0.0736734690947
0.0479496030276 1.49933617764 -1.18514868478 0.0479496030276 1.49933617764 -1.18514868478
-1.76826972092 3.89364661438 2.91221803402 -1.76826972092 3.89364661438 2.91221803402
-3.21776160929 -3.79698270064 1.18651043396 -3.21776160929 -3.79698270064 1.18651043396
0.00649495464836 1.18435328564 -0.99649279902 0.0808455039706 0.838763568207 -0.650072904502
-0.715736518454 -0.237525797737 -1.26252756933 -0.715736518454 -0.237525797737 -1.26252756933
-0.319822625721 -0.494234812313 -0.730485962867 -0.484714648407 -0.740291732688 -0.249965125164
-0.853569606442 -1.34028830636 -0.0104012604678 -0.779859155554 -1.71575956501 -0.519073058197
-1.68367719278 2.95242419569 0.0732897345248 -1.58141046285 3.00210399522 0.713949316336
1.02605704923 -0.371902877108 -3.35472860351 1.02605704923 -0.371902877108 -3.35472860351
-1.15155778132 -2.00180459937 2.31455677172 -1.15155778132 -2.00180459937 2.31455677172
-1.85586531643 -0.658183138948 -0.783856370084 -1.85586531643 -0.658183138948 -0.783856370084
1.32925889604 2.29094505671 0.5118422508 1.32925889604 2.29094505671 0.5118422508
2.04566281856 -2.32107928947 -0.762159805826 2.04566281856 -2.32107928947 -0.762159805826
1.20805077007 -2.5787097682 -2.25598080768 1.20805077007 -2.5787097682 -2.25598080768
-1.33347117698 4.60251453628 1.5513419489 -1.33347117698 4.60251453628 1.5513419489
3.31681791382 3.19645956954 1.07908392566 3.31681791382 3.19645956954 1.07908392566
3.91157685682 5.25395684991 4.28837394365 3.91157685682 5.25395684991 4.28837394365
-2.44689325732 3.44762585387 -1.28913691129 -2.44689325732 3.44762585387 -1.28913691129
-5.53779858094 -0.37293258233 -2.7042181295 -5.53779858094 -0.37293258233 -2.7042181295
0.0149934039331 1.71209902188 -5.96162862825 0.0149934039331 1.71209902188 -5.96162862825
0.118863744841 -0.172037568344 -0.214748790242 -0.0994347401549 -0.046128360836 0.721364147122
1.00544111483 -0.285690161338 -0.718058584814 1.00544111483 -0.285690161338 -0.718058584814
2.73586041597 2.60264480787 -0.968002884804 2.73586041597 2.60264480787 -0.968002884804
0.608917801818 -0.830461777528 -0.740877049621 0.462279520144 -0.438610157315 -0.941015505578
-3.41137106061 -0.173286986155 -2.38379471175 -3.41137106061 -0.173286986155 -2.38379471175
-2.02064541664 -0.30050754167 -2.82567806665 -1.44825415094 0.110735372355 -2.37098632397
0.248168840978 1.7868234954 0.848298526919 0.248168840978 1.7868234954 0.848298526919
-2.83624070063 -5.08630864151 -5.73759829875 -2.83624070063 -5.08630864151 -5.73759829875
4.67101704724 -2.10712645121 2.57289448276 4.67101704724 -2.10712645121 2.57289448276
-1.80700659689 4.02402270477 -5.48577938135 -1.80700659689 4.02402270477 -5.48577938135
-1.37771082961 -1.43678313511 -4.96016822103 -1.37771082961 -1.43678313511 -4.96016822103
0.539771818556 0.332518878266 -1.75511143442 0.686213098356 1.00298683257 -1.93907176964
-3.05496488851 -2.36156435172 0.982447731506 -3.05496488851 -2.36156435172 0.982447731506
2.76705684893 -1.54553470836 -0.602839378355 2.76705684893 -1.54553470836 -0.602839378355
1.96687800746 6.36397181206 0.169942739634 1.96687800746 6.36397181206 0.169942739634
-2.3983749404 -0.296787245871 -1.65736174673 -2.40919016286 -0.321554879725 -1.52231494415
-2.87389259434 -3.71520162352 -0.916003515178 -2.87389259434 -3.71520162352 -0.916003515178
1.31577916078 -4.11487229907 -2.41903504549 1.22014126875 -4.03088106596 -2.00229803765
-4.67414517772 -2.33350814944 -0.112494098247 -4.67414517772 -2.33350814944 -0.112494098247
-0.0994347401549 -0.046128360836 0.721364147122 0.118863744841 -0.172037568344 -0.214748790242
-5.0697730455 0.413365399075 0.925833716438 -5.0697730455 0.413365399075 0.925833716438
-2.88809396556 1.19822255497 -0.306592583446 -2.88809396556 1.19822255497 -0.306592583446
1.6235973804 0.972854874154 -1.27376333145 1.6235973804 0.972854874154 -1.27376333145
-0.633793054833 5.1639541441 -1.17784575823 -0.633793054833 5.1639541441 -1.17784575823
-0.789041712735 1.88410160049 2.62018042876 -0.789041712735 1.88410160049 2.62018042876
-1.87893823165 2.27690856414 5.90331305201 -1.87893823165 2.27690856414 5.90331305201
1.22014126875 -4.03088106596 -2.00229803765 1.31577916078 -4.11487229907 -2.41903504549
2.37300819262 -1.73433007116 4.4388069094 2.37300819262 -1.73433007116 4.4388069094
2.25911823691 -1.35372348216 3.3012721121 2.25911823691 -1.35372348216 3.3012721121
-0.164099148838 -0.112031476762 0.983334894762 -0.164099148838 -0.112031476762 0.983334894762
1.00300973623 -0.279186224563 -2.9796515869 1.00300973623 -0.279186224563 -2.9796515869
-2.45408265286 -4.03798140187 3.78416122902 -2.45408265286 -4.03798140187 3.78416122902
-0.839027655193 0.900244983295 -4.2248090237 -0.839027655193 0.900244983295 -4.2248090237
1.45063243734 4.48711329024 -3.9024166224 1.45063243734 4.48711329024 -3.9024166224
0.659766575344 2.93515181126 -0.174448155572 0.659766575344 2.93515181126 -0.174448155572
-0.717799813797 -0.143771846885 0.919616835304 -0.717799813797 -0.143771846885 0.919616835304
0.462279520144 -0.438610157315 -0.941015505578 0.568143668919 -0.622634037579 -1.05956892033
-7.13841891711 1.72311406893 1.79446205028 -7.13841891711 1.72311406893 1.79446205028
-2.08025800148 3.84660809797 -0.732448919307 -2.08025800148 3.84660809797 -0.732448919307
-0.38217108364 4.12248320922 1.76412347778 -0.628570130657 3.88162044285 1.84297361844
5.23663723039 1.12361214224 -2.94011957405 5.52156943561 0.778463175559 -2.59022710595
-0.225700046035 -0.991160564206 -0.0736734690947 -0.427974510971 -1.33100000489 0.907572611709
0.407317173673 2.19366719538 2.72368329861 0.407317173673 2.19366719538 2.72368329861
3.56026308342 1.10671017273 -3.37799795837 3.56026308342 1.10671017273 -3.37799795837
2.62756339537 1.08944614072 2.47852225901 2.62756339537 1.08944614072 2.47852225901
3.24062416232 -0.0590934948218 -0.999868489148 3.24062416232 -0.0590934948218 -0.999868489148
-0.053357079285 -1.30312222363 -3.25289482831 -0.053357079285 -1.30312222363 -3.25289482831
-1.47539187006 0.885225010375 -0.401433417718 -1.47539187006 0.885225010375 -0.401433417718
-1.3205468162 -3.51324903572 -1.06447139042 -1.3205468162 -3.51324903572 -1.06447139042
-4.59657786684 5.61307930002 -0.378135246067 -4.59657786684 5.61307930002 -0.378135246067
4.74021690675 -1.64472437126 0.102177782052 4.74021690675 -1.64472437126 0.102177782052
-5.5863167416 -1.0915888082 -0.472486675712 -5.5863167416 -1.0915888082 -0.472486675712
0.896205459793 0.984739643953 -1.08969890183 0.896205459793 0.984739643953 -1.08969890183
2.74548291043 -2.36536108526 -0.175497469287 2.74548291043 -2.36536108526 -0.175497469287
0.682736771091 -2.25513736665 -4.60583003516 0.682736771091 -2.25513736665 -4.60583003516
-1.98435704639 2.92483585287 -0.621610608763 -1.98435704639 2.92483585287 -0.621610608763
-1.42244227312 -1.0053925754 0.0682395446953 -1.42244227312 -1.0053925754 0.0682395446953
-0.779859155554 -1.71575956501 -0.519073058197 -0.86285710001 -0.91380644653 -0.86341688923
2.61588197032 -2.79340828333 -0.882754282061 2.61588197032 -2.79340828333 -0.882754282061
-3.01468825043 5.28697993171 5.91456411518 -3.01468825043 5.28697993171 5.91456411518
-4.02450549571 -1.43448274619 0.409125339702 -4.02450549571 -1.43448274619 0.409125339702
3.84803066146 3.08958968575 -2.04562454254 3.84803066146 3.08958968575 -2.04562454254
3.46628885605 1.40609378532 -2.26665895013 3.46628885605 1.40609378532 -2.26665895013
-2.32064788022 -1.89962649829 3.76876024942 -2.32064788022 -1.89962649829 3.76876024942
0.352538474695 4.30741322977 -2.84294802221 0.352538474695 4.30741322977 -2.84294802221
1.80971186938 -0.383672529641 3.6554401644 1.80971186938 -0.383672529641 3.6554401644
0.568143668919 -0.622634037579 -1.05956892033 -0.0787803629671 -1.30052132395 -0.751300453385
2.18546306986 -1.58856151444 0.0246886675366 2.18546306986 -1.58856151444 0.0246886675366
-1.94445622234 1.47477268397 -1.2591109249 -1.94445622234 1.47477268397 -1.2591109249
0.112873397114 -0.58720009795 1.98209185708 0.112873397114 -0.58720009795 1.98209185708
-2.07154830003 -2.28780149669 1.52275058482 -2.07154830003 -2.28780149669 1.52275058482
0.615069518354 -1.45700473379 -2.55185925192 0.615069518354 -1.45700473379 -2.55185925192
-1.19975300081 1.61417504054 1.92767852209 -1.19975300081 1.61417504054 1.92767852209
0.214210347746 -2.33233798505 1.48299709727 0.214210347746 -2.33233798505 1.48299709727
1.29573159238 -0.921859413942 1.26929217677 1.59935712771 -1.0414512201 1.31923647763
-0.670535559981 -1.25375987853 -0.744940446052 -0.3097270607 -0.837357180999 -0.504560814946
1.34634858561 1.87144713078 -0.976464282071 1.34634858561 1.87144713078 -0.976464282071
-0.594527522549 0.493237209024 -3.21405247379 -0.594527522549 0.493237209024 -3.21405247379
-3.48105304869 1.29753398413 2.11999135704 -3.48105304869 1.29753398413 2.11999135704
-0.161616806727 -0.883113926515 0.615311189325 -0.00686703793489 -1.14268378842 0.664252978812
-2.92100358348 -0.82235086606 -2.86761681344 -2.92100358348 -0.82235086606 -2.86761681344
2.48981429698 1.94097363816 4.44668213068 2.48981429698 1.94097363816 4.44668213068
0.315793671684 2.9641005297 3.69402873373 0.315793671684 2.9641005297 3.69402873373
-0.347816068228 -1.23147201436 -1.04966945825 -1.12743700381 -1.49400524261 -0.38942934485
3.53797748153 -4.4481459759 0.198213511161 3.53797748153 -4.4481459759 0.198213511161
-0.587391299588 1.34441600914 -1.29519875871 -0.587391299588 1.34441600914 -1.29519875871
-2.99051929818 0.32383436715 -0.456194454883 -2.99051929818 0.32383436715 -0.456194454883
-3.17568453082 3.8851089518 -0.143407482492 -3.17568453082 3.8851089518 -0.143407482492
-0.139129816728 -2.544205529 2.87099848105 -0.139129816728 -2.544205529 2.87099848105
-1.12083217006 -2.9975893168 3.19363492832 -1.12083217006 -2.9975893168 3.19363492832
0.553579510545 1.03483529546 0.217362750322 0.192911380102 0.859887806313 -0.0130140511851
