0.490511584053 0.545758789726 -0.565901629213 0.490511584053 0.545758789726 -0.565901629213
1.04110004755 0.0277567551027 0.702413824417 0.62929183597 -0.370186349233 0.228145678872
-1.80252137924 0.820447445375 -1.27677820709 -1.80252137924 0.820447445375 -1.27677820709
-0.708030786804 1.25883979268 -0.139852001859 -0.708030786804 1.25883979268 -0.139852001859
-0.381223999576 0.526906925853 -0.970408674886 -0.0766448694842 0.478253782664 -1.21543647942
-0.115591245478 -0.777757539921 0.600684064112 -0.115591245478 -0.777757539921 0.600684064112
0.454695234926 -0.741445751841 -1.04204916508 0.454695234926 -0.741445751841 -1.04204916508
0.858972603529 0.135303536192 0.403729764396 0.866672597869 0.198910716166 -0.281605573816
0.30535606971 -0.0833407294104 2.29869950858 0.30535606971 -0.0833407294104 2.29869950858
-0.8653624405 -0.625026451838 -0.843681784424 -0.8653624405 -0.625026451838 -0.843681784424
-0.467946661013 -0.376760453576 0.048908405477 -0.640453878766 -0.422687952497 0.544889758312
-3.36956691881 0.564686592911 -0.0312679037294 -3.36956691881 0.564686592911 -0.0312679037294
-0.430138458493 -1.77360535627 -0.067764423209 -0.430138458493 -1.77360535627 -0.067764423209
1.97081077644 -0.254959220531 -0.414978190144 2.13976987094 0.271773804463 -0.287016781314
1.80215270296 -0.385230864189 0.124586368349 1.80215270296 -0.385230864189 0.124586368349
0.810479405413 -2.77222981254 1.91425262258 0.810479405413 -2.77222981254 1.91425262258
-0.764223752639 -0.873444677967 2.718293917 -0.764223752639 -0.873444677967 2.718293917
-0.863731209987 1.10821469733 0.275125354417 -1.32493327303 1.1747816073 0.176694512292
0.645073609719 -0.280806495101 0.678605381131 0.107314488575 0.242424036523 1.08000721545
0.338769930921 -0.317419452907 -0.0674549822939 0.40979790885 -1.066201286 -0.130133698
0.396382409819 -0.260278833873 0.600122832765 -0.0970906884979 -0.771664929603 -0.193851468114
0.62929183597 -0.370186349233 0.228145678872 1.10064300294 -0.469152123796 0.0939907601833
0.0372944108378 2.62645678626 -0.67813093803 0.0372944108378 2.62645678626 -0.67813093803
-1.32493327303 1.1747816073 0.176694512292 -0.863731209987 1.10821469733 0.275125354417
-2.66108480836 0.776714052263 2.44959527088 -2.66108480836 0.776714052263 2.44959527088
0.107314488575 0.242424036523 1.08000721545 0.645073609719 -0.280806495101 0.678605381131
2.13976987094 0.271773804463 -0.287016781314 1.97081077644 -0.254959220531 -0.414978190144
1.10064300294 -0.469152123796 0.0939907601833 1.04110004755 0.0277567551027 0.702413824417
0.734093155597 -1.23435356129 0.0483023172576 0.300757008312 -1.50821203283 -0.522797673636
-1.58591663036 -0.256646151454 -1.81077128763 -1.75218952352 -0.00874832074641 -2.65389314286
-0.496077247147 -2.51712128789 3.32774032325 -0.496077247147 -2.51712128789 3.32774032325
-0.0970906884979 -0.771664929603 -0.193851468114 -0.467946661013 -0.376760453576 0.048908405477
-0.632544844553 1.36162114706 3.67310971287 -0.632544844553 1.36162114706 3.67310971287
-0.715926556768 -1.46528881609 0.269273223758 -0.760369898005 -2.13102993522 -0.312144403293
1.73155038095 -0.68435433523 2.03835753557 1.73155038095 -0.68435433523 2.03835753557
0.699360401148 0.278947615109 1.53259938179 0.699360401148 0.278947615109 1.53259938179
2.0932206862 -2.62304625996 1.5521886828 2.0932206862 -2.62304625996 1.5521886828
-0.0348086376281 -1.40314024364 0.691371427728 -0.0348086376281 -1.40314024364 0.691371427728
0.300757008312 -1.50821203283 -0.522797673636 0.683966116488 -0.84862604426 -0.160207268925
0.40979790885 -1.066201286 -0.130133698 0.685159824652 -1.40244672306 -0.137903379268
0.129122568836 1.55418501417 0.589037146954 0.129122568836 1.55418501417 0.589037146954
0.685159824652 -1.40244672306 -0.137903379268 0.206293129843 -1.54534546553 -0.687242549662
-0.870949776152 -1.52662308878 -0.0551035556536 -0.870949776152 -1.52662308878 -0.0551035556536
-0.760369898005 -2.13102993522 -0.312144403293 -0.715926556768 -1.46528881609 0.269273223758
-0.0766448694842 0.478253782664 -1.21543647942 -0.381223999576 0.526906925853 -0.970408674886
-0.311317244679 -0.514089551412 -1.43975428781 -0.311317244679 -0.514089551412 -1.43975428781
0.564856528973 1.23480161687 -0.152181002236 0.564856528973 1.23480161687 -0.152181002236
-0.931791890153 -2.32880171125 3.29553397812 -0.931791890153 -2.32880171125 3.29553397812
-1.63928810641 0.875979306877 -0.828408110179 -1.63928810641 0.875979306877 -0.828408110179
0.990798454603 -1.04252146435 -0.655479542179 0.990798454603 -1.04252146435 -0.655479542179
0.182450608381 -0.266758779858 0.382711273768 0.858972603529 0.135303536192 0.403729764396
-2.3711125885 0.902738273181 -1.38871025117 -2.3711125885 0.902738273181 -1.38871025117
-0.88883391745 -0.524429643458 1.65374729051 -0.88883391745 -0.524429643458 1.65374729051
1.89797539019 -2.05025869593 2.03407860689 1.89797539019 -2.05025869593 2.03407860689
0.683966116488 -0.84862604426 -0.160207268925 0.396382409819 -0.260278833873 0.600122832765
-1.75218952352 -0.00874832074641 -2.65389314286 -1.58591663036 -0.256646151454 -1.81077128763
0.206293129843 -1.54534546553 -0.687242549662 0.338769930921 -0.317419452907 -0.0674549822939
1.13837834685 -3.1443800333 -2.63548890907 1.13837834685 -3.1443800333 -2.63548890907
0.724656077891 -2.28607661279 4.44914023727 0.724656077891 -2.28607661279 4.44914023727
1.59390872046 -1.34948120028 0.475259824059 1.59390872046 -1.34948120028 0.475259824059
1.29979071133 0.0365888243984 -2.95103299793 1.29979071133 0.0365888243984 -2.95103299793
0.866672597869 0.198910716166 -0.281605573816 0.182450608381 -0.266758779858 0.382711273768
1.00502875363 1.54968789024 -0.626369089708 1.00502875363 1.54968789024 -0.626369089708
-0.640453878766 -0.422687952497 0.544889758312 0.734093155597 -1.23435356129 0.0483023172576
