-1.62388851512 -3.58169802801 -3.1718939265 -1.62388851512 -3.58169802801 -3.1718939265
1.95182768687 -2.2662802452 -2.05024397414 1.95182768687 -2.2662802452 -2.05024397414
2.88602586308 2.87861364573 3.1389396159 2.88602586308 2.87861364573 3.1389396159
-0.0121317274099 -1.68445599524 3.03694931141 -0.0121317274099 -1.68445599524 3.03694931141
-0.805266052845 0.917128009687 -0.710594348204 -0.805266052845 0.917128009687 -0.710594348204
2.18506618331 -3.3145526895 -3.49136750261 2.18506618331 -3.3145526895 -3.49136750261
-1.75023906324 1.65992730161 -3.51412742419 -1.75023906324 1.65992730161 -3.51412742419
-3.60252714254 -0.835961807637 1.01141506873 -3.60252714254 -0.835961807637 1.01141506873
-0.801702827758 -1.81207178349 -1.99904066778 -0.801702827758 -1.81207178349 -1.99904066778
5.93490606137 1.5099647313 1.32228284004 5.93490606137 1.5099647313 1.32228284004
-3.78101638858 0.572122300338 2.57439269089 -3.78101638858 0.572122300338 2.57439269089
-0.125218775451 1.1478391934 -3.20586052037 -0.125218775451 1.1478391934 -3.20586052037
-5.10149686374 -0.458266396652 3.5901752652 -5.10149686374 -0.458266396652 3.5901752652
0.240944847789 -2.59169603177 1.82127758888 0.240944847789 -2.59169603177 1.82127758888
1.38854467986 5.9774977938 1.3027239109 1.38854467986 5.9774977938 1.3027239109
-4.73048756975 0.447117515191 -0.967333876204 -4.73048756975 0.447117515191 -0.967333876204
1.39151859409 2.97481940047 2.73881803244 1.39151859409 2.97481940047 2.73881803244
3.63657804524 0.486788024414 -7.09050480081 3.63657804524 0.486788024414 -7.09050480081
4.51536631865 -4.24959653492 -1.68872941545 4.51536631865 -4.24959653492 -1.68872941545
1.08658223291 4.30207025533 1.79084669914 1.08658223291 4.30207025533 1.79084669914
-0.384620584501 1.02397189394 -2.85691137187 -0.384620584501 1.02397189394 -2.85691137187
2.16909689924 0.275068065224 0.165410650158 2.16909689924 0.275068065224 0.165410650158
-2.05242706067 1.2915917786 -0.373772016165 -2.05242706067 1.2915917786 -0.373772016165
0.475890495669 2.12190275821 -0.298626353681 0.475890495669 2.12190275821 -0.298626353681
5.04052645337 0.0958814598099 -0.582889073184 5.04052645337 0.0958814598099 -0.582889073184
2.80411351856 0.74557878387 2.27742061858 2.80411351856 0.74557878387 2.27742061858
-1.45062168817 1.61385471 0.951102711623 -1.45062168817 1.61385471 0.951102711623
-0.330816310726 -2.93384132437 1.27337645015 -0.330816310726 -2.93384132437 1.27337645015
-0.627184369579 3.13426595539 -0.6165247969 -0.627184369579 3.13426595539 -0.6165247969
-1.67827914608 0.664707155158 -0.5871960479 -1.67827914608 0.664707155158 -0.5871960479
-0.0443662169778 1.35826164828 1.23488671621 -0.0443662169778 1.35826164828 1.23488671621
0.211685759334 1.05898508954 -2.40855146061 0.211685759334 1.05898508954 -2.40855146061
-0.314146111198 -0.890954391084 -2.65386876614 -0.314146111198 -0.890954391084 -2.65386876614
1.90534307109 -1.84872188067 -2.44162667579 1.90534307109 -1.84872188067 -2.44162667579
0.662317206507 1.83562508945 1.72797891959 0.617965532377 1.88899225226 1.69231598315
1.65181492092 -2.18559072528 -0.0931939706354 1.65181492092 -2.18559072528 -0.0931939706354
-1.66259032028 0.32550791288 0.940046318299 -1.66259032028 0.32550791288 0.940046318299
-0.81188260686 0.931195738757 -3.58437263184 -0.81188260686 0.931195738757 -3.58437263184
2.60991930546 -3.98460256408 -1.12765146263 2.60991930546 -3.98460256408 -1.12765146263
-1.63460261149 4.37437671555 -1.54052395346 -1.63460261149 4.37437671555 -1.54052395346
-3.41600552189 2.3284395526 0.995065378243 -3.41600552189 2.3284395526 0.995065378243
-0.914566848422 -0.728373133769 0.163947401151 -0.914566848422 -0.728373133769 0.163947401151
5.99896505273 0.556754275423 -1.43853154982 5.99896505273 0.556754275423 -1.43853154982
1.4021804822 -3.24412790636 0.423890747887 1.4021804822 -3.24412790636 0.423890747887
-1.95749691175 -0.447579597917 0.262359767066 -1.95749691175 -0.447579597917 0.262359767066
-0.388977589284 -2.63648489506 -2.6964701965 -0.388977589284 -2.63648489506 -2.6964701965
4.80516318499 0.786510112948 0.222765053621 4.80516318499 0.786510112948 0.222765053621
-2.06848899403 2.04173558868 1.30702460778 -2.06848899403 2.04173558868 1.30702460778
4.36051168134 1.67699085657 0.166713205793 4.36051168134 1.67699085657 0.166713205793
4.061415198 0.172866974268 -4.41364985294 4.061415198 0.172866974268 -4.41364985294
-2.6813785743 1.0431241969 -2.28874835435 -2.6813785743 1.0431241969 -2.28874835435
-4.05298540923 0.264452393855 3.98494250712 -4.05298540923 0.264452393855 3.98494250712
-2.53130373854 4.58533430575 -0.515570844693 -2.53130373854 4.58533430575 -0.515570844693
3.40631883867 -3.12543235424 -1.0074605482 3.40631883867 -3.12543235424 -1.0074605482
0.953185250797 -0.824011157037 -1.67435453901 0.953185250797 -0.824011157037 -1.67435453901
0.176624890527 -0.665638649231 -1.39713258269 0.176624890527 -0.665638649231 -1.39713258269
0.728253257827 -2.1742595016 1.15274768578 0.728253257827 -2.1742595016 1.15274768578
3.44276949096 -1.7245220082 2.76907124139 3.44276949096 -1.7245220082 2.76907124139
1.82277136638 -1.05047159353 4.06515870881 1.82277136638 -1.05047159353 4.06515870881
-2.32481689629 0.0296410065205 -2.41660060637 -2.32481689629 0.0296410065205 -2.41660060637
1.08437186324 -2.37895117863 2.17686234244 1.08437186324 -2.37895117863 2.17686234244
1.9634490838 -1.04249612393 1.39478087319 1.9634490838 -1.04249612393 1.39478087319
-0.869790117799 -2.76664282752 -1.75030645722 -0.869790117799 -2.76664282752 -1.75030645722
-0.909169632373 4.22481563679 3.33230796601 -0.909169632373 4.22481563679 3.33230796601
0.818852940957 0.615606850419 -1.65753506294 0.818852940957 0.615606850419 -1.65753506294
-0.742105630057 3.7522772901 -0.766473763458 -0.742105630057 3.7522772901 -0.766473763458
1.08344530323 -1.0583319745 1.81872800191 1.08344530323 -1.0583319745 1.81872800191
0.541865677156 1.36795748099 0.697955853396 0.541865677156 1.36795748099 0.697955853396
-0.0214991199195 -5.71452056369 0.40094019794 -0.0214991199195 -5.71452056369 0.40094019794
-1.11755570909 1.33835563949 1.91134614883 -1.11755570909 1.33835563949 1.91134614883
0.267507217153 -1.80026576896 -0.691347869978 0.267507217153 -1.80026576896 -0.691347869978
2.17072904072 1.93831820057 -2.75593381135 2.17072904072 1.93831820057 -2.75593381135
1.77047052263 -3.10323414491 2.06832581733 1.77047052263 -3.10323414491 2.06832581733
-0.137927702132 2.98802035219 -0.0241363447429 -0.137927702132 2.98802035219 -0.0241363447429
-0.848027598746 -1.72799646718 0.327193828342 -0.848027598746 -1.72799646718 0.327193828342
0.551201443824 0.87817022787 -2.7479747613 0.00993514959573 0.953490851758 -2.9297111599
3.52814551072 0.814690308528 2.94216718626 3.52814551072 0.814690308528 2.94216718626
2.24227436708 -2.10196639743 -4.89755357792 2.24227436708 -2.10196639743 -4.89755357792
-1.22538905394 3.47298065257 0.777332711312 -1.22538905394 3.47298065257 0.777332711312
0.0963782320727 0.331080218685 -0.18888281715 0.0963782320727 0.331080218685 -0.18888281715
0.429719251438 -0.678177918469 -2.98814597712 0.429719251438 -0.678177918469 -2.98814597712
-0.981600847746 -1.74632992632 2.29403878436 -0.981600847746 -1.74632992632 2.29403878436
2.35137059 0.278642695808 -3.24543544285 2.35137059 0.278642695808 -3.24543544285
0.307893853379 1.65194537602 -4.78184974363 0.307893853379 1.65194537602 -4.78184974363
-3.34028447571 2.14996802042 1.87225632093 -3.34028447571 2.14996802042 1.87225632093
0.511630053949 3.36245590258 4.40444750917 0.511630053949 3.36245590258 4.40444750917
-2.34206389266 -0.6679683916 -0.332600825803 -2.34206389266 -0.6679683916 -0.332600825803
2.28974495244 1.2892932468 1.05763331635 2.28974495244 1.2892932468 1.05763331635
1.06143475292 2.88068156884 0.431761768892 1.06143475292 2.88068156884 0.431761768892
0.999243827178 0.942934681936 -0.702665560944 0.999243827178 0.942934681936 -0.702665560944
-0.0240245165579 -1.29199235203 -0.196612307986 -0.0240245165579 -1.29199235203 -0.196612307986
-0.793713029907 -2.78077883178 0.524505670029 -0.793713029907 -2.78077883178 0.524505670029
3.60399521264 -0.715400827237 2.55775198763 3.60399521264 -0.715400827237 2.55775198763
-4.34424396392 1.57690843452 2.06766628578 -4.34424396392 1.57690843452 2.06766628578
2.41251128601 2.48717930566 -2.49172116263 2.41251128601 2.48717930566 -2.49172116263
-4.01046272898 -0.0276491134151 2.53846256831 -4.01046272898 -0.0276491134151 2.53846256831
-1.17630689208 1.41014261424 0.796638422424 -1.17630689208 1.41014261424 0.796638422424
-0.960968525938 -0.051141453728 -1.00311835932 -0.960968525938 -0.051141453728 -1.00311835932
3.97343726417 0.380781242435 -3.33539510582 3.97343726417 0.380781242435 -3.33539510582
-1.76598030825 -0.0214249130944 3.95211727296 -1.76598030825 -0.0214249130944 3.95211727296
1.10159502183 0.20082460323 -2.86512115931 1.10159502183 0.20082460323 -2.86512115931
-2.82042303269 0.77565063107 1.73157407574 -2.82042303269 0.77565063107 1.73157407574
0.303392055952 -1.70162670556 4.05610438604 0.303392055952 -1.70162670556 4.05610438604
0.276511313769 4.76054033359 4.58974197598 0.276511313769 4.76054033359 4.58974197598
-1.57560965528 1.86388153683 2.50796420415 -1.57560965528 1.86388153683 2.50796420415
-1.45261261922 1.15340720718 1.60085801301 -1.45261261922 1.15340720718 1.60085801301
0.923327352992 -0.744644972699 -1.35289113139 0.923327352992 -0.744644972699 -1.35289113139
2.04304374979 0.647934587113 -4.29261632507 2.04304374979 0.647934587113 -4.29261632507
-0.759434459098 2.28437563707 1.05096395815 -0.759434459098 2.28437563707 1.05096395815
3.44893923674 -1.94337228444 -0.918643463366 3.44893923674 -1.94337228444 -0.918643463366
0.632770626931 -0.962951701367 -3.24143047084 0.632770626931 -0.962951701367 -3.24143047084
-4.70649413586 -1.58548904506 2.42761458516 -4.70649413586 -1.58548904506 2.42761458516
-1.06609751988 1.03213295136 0.140300572129 -1.06609751988 1.03213295136 0.140300572129
-0.272404445578 1.55371281789 -1.64881985269 -0.272404445578 1.55371281789 -1.64881985269
1.35916163129 0.150121585156 -1.47115571649 1.35916163129 0.150121585156 -1.47115571649
-2.82710657125 -2.08571395651 -2.59235318371 -2.82710657125 -2.08571395651 -2.59235318371
0.145125125941 2.5195516849 -0.0457655649119 0.145125125941 2.5195516849 -0.0457655649119
-1.47719290074 -2.76347934846 -4.76343854629 -1.47719290074 -2.76347934846 -4.76343854629
0.111665247221 -0.982245286284 -1.18931615491 0.111665247221 -0.982245286284 -1.18931615491
2.14077827396 4.68874579217 -0.799704525606 2.14077827396 4.68874579217 -0.799704525606
-0.797283882715 -1.84110051597 -1.19890369272 -0.797283882715 -1.84110051597 -1.19890369272
-0.720913458452 2.48149339202 0.994589889018 -0.720913458452 2.48149339202 0.994589889018
0.418298144654 0.779448747865 2.9607431669 0.418298144654 0.779448747865 2.9607431669
-3.14552400109 -2.0723946023 -0.538995461413 -3.14552400109 -2.0723946023 -0.538995461413
-0.262992390016 2.38199756945 1.42132518481 -0.262992390016 2.38199756945 1.42132518481
0.0398160357595 1.00941169064 0.522213895476 0.0398160357595 1.00941169064 0.522213895476
-0.952792664661 -2.77481966768 -0.702312697685 -0.952792664661 -2.77481966768 -0.702312697685
-5.78565185456 0.534914393363 -1.36254271068 -5.78565185456 0.534914393363 -1.36254271068
-3.8338177254 -1.36443721308 -2.02975494247 -3.8338177254 -1.36443721308 -2.02975494247
-0.853270489918 0.122963636525 -0.205703566759 -0.853270489918 0.122963636525 -0.205703566759
-1.08004596456 1.8075439651 0.642797951685 -1.08004596456 1.8075439651 0.642797951685
0.873538606696 -0.0391316313393 0.888205609015 0.873538606696 -0.0391316313393 0.888205609015
2.97276332206 2.90708645171 2.43749617229 2.97276332206 2.90708645171 2.43749617229
1.96639048733 -1.16166637943 -1.36036607236 1.96639048733 -1.16166637943 -1.36036607236
-3.30592414182 -1.81795773656 0.601666066305 -3.30592414182 -1.81795773656 0.601666066305
1.30378497841 -1.23317600796 -2.15201543574 1.30378497841 -1.23317600796 -2.15201543574
0.365167068212 3.48447057791 -2.75882237074 0.365167068212 3.48447057791 -2.75882237074
-4.08438765695 1.28535903075 -2.13578772036 -4.08438765695 1.28535903075 -2.13578772036
2.2631335534 2.79794280846 -3.14643984618 2.2631335534 2.79794280846 -3.14643984618
1.24530534143 0.485527437513 2.90798958815 1.24530534143 0.485527437513 2.90798958815
-0.487243336346 -0.393059343013 -0.431874133033 -0.487243336346 -0.393059343013 -0.431874133033
5.52565438484 -0.0128680601674 -3.80860042925 5.52565438484 -0.0128680601674 -3.80860042925
-4.12632126361 0.836311776479 -0.188882047903 -4.12632126361 0.836311776479 -0.188882047903
-1.17056069222 2.65262173973 1.71705091647 -1.17056069222 2.65262173973 1.71705091647
-1.53930362984 1.51614302421 -3.57822996297 -1.53930362984 1.51614302421 -3.57822996297
-2.25858111625 0.330730509193 0.564329617048 -2.25858111625 0.330730509193 0.564329617048
0.788963768518 0.590008461634 0.555901479377 0.788963768518 0.590008461634 0.555901479377
-0.701918888554 1.01320450346 -1.89217667753 -0.701918888554 1.01320450346 -1.89217667753
3.26264420127 -2.44066419746 1.8270134585 3.26264420127 -2.44066419746 1.8270134585
-2.23546709895 -1.15762817668 2.28156095983 -2.21253373494 -1.43590786813 2.1533816737
4.60650682889 -1.27039456978 -2.69098960781 4.60650682889 -1.27039456978 -2.69098960781
2.22323290476 -3.18271187705 -0.571455329049 2.22323290476 -3.18271187705 -0.571455329049
2.48075498086 -1.49380872519 1.82558707127 2.48075498086 -1.49380872519 1.82558707127
1.79530252349 1.27636966531 2.24109971518 1.79530252349 1.27636966531 2.24109971518
0.577692701055 0.260731229573 0.323211724674 0.577692701055 0.260731229573 0.323211724674
-5.37395420059 1.09166881061 -6.01916531754 -5.37395420059 1.09166881061 -6.01916531754
1.85197051518 1.00276332398 -0.320286258342 1.85197051518 1.00276332398 -0.320286258342
-4.27244557279 -0.864052760796 1.08433782242 -4.27244557279 -0.864052760796 1.08433782242
-2.35549367746 1.08117818829 -0.580169921614 -2.35549367746 1.08117818829 -0.580169921614
-4.58334264773 -0.452023828625 -0.370869254776 -4.58334264773 -0.452023828625 -0.370869254776
1.62339383147 1.74433890528 1.34256971732 1.62339383147 1.74433890528 1.34256971732
-5.90672366656 -5.43043814416 0.844007464945 -5.90672366656 -5.43043814416 0.844007464945
2.91811134248 -0.219332790702 1.65664048103 2.91811134248 -0.219332790702 1.65664048103
-0.473737012696 -0.837047279103 -2.11340209 -0.473737012696 -0.837047279103 -2.11340209
1.66279144568 -1.64096691261 2.40133060947 1.66279144568 -1.64096691261 2.40133060947
0.758317625119 1.52104078423 -0.664218992688 0.758317625119 1.52104078423 -0.664218992688
4.28859014068 1.48595739444 0.490780041136 4.28859014068 1.48595739444 0.490780041136
2.95825134373 0.996075067587 2.17623688482 2.95825134373 0.996075067587 2.17623688482
-0.0193635416001 3.24013595451 2.47413551909 -0.0193635416001 3.24013595451 2.47413551909
0.386747618975 2.95906517309 1.42943118462 0.386747618975 2.95906517309 1.42943118462
-4.26258261797 -1.63186291689 -2.91113937754 -4.26258261797 -1.63186291689 -2.91113937754
-4.36440291463 -0.074714516546 -1.8325248589 -4.36440291463 -0.074714516546 -1.8325248589
-1.47317847028 0.697628220869 1.92205777028 -1.47317847028 0.697628220869 1.92205777028
-2.01878721852 1.66898058363 2.9012422319 -2.01878721852 1.66898058363 2.9012422319
1.9489049363 2.9208221716 1.11210837394 1.9489049363 2.9208221716 1.11210837394
-1.30415946508 0.96006246979 0.0246749854353 -1.30415946508 0.96006246979 0.0246749854353
-3.17527992914 -4.72159899997 3.62517713372 -3.17527992914 -4.72159899997 3.62517713372
0.510463998657 -0.798284164607 -1.10719182968 0.510463998657 -0.798284164607 -1.10719182968
4.67242158082 1.15955716363 -0.64786762431 4.67242158082 1.15955716363 -0.64786762431
1.88203909851 -6.08133050242 2.29646295068 1.88203909851 -6.08133050242 2.29646295068
-3.88674797923 0.20201340734 0.122713695588 -3.88674797923 0.20201340734 0.122713695588
2.03415016168 0.1105965819 1.39974269826 2.03415016168 0.1105965819 1.39974269826
-0.245151509304 1.57531360412 -1.13521984995 -0.245151509304 1.57531360412 -1.13521984995
0.620778810493 -0.0141151013111 3.54065683564 0.620778810493 -0.0141151013111 3.54065683564
-0.259568260137 2.29823092548 0.0215374010699 -0.259568260137 2.29823092548 0.0215374010699
-1.88478368478 0.651772540265 0.631318373904 -1.88478368478 0.651772540265 0.631318373904
-2.55083893527 1.79051073289 -0.782920891324 -2.55083893527 1.79051073289 -0.782920891324
1.32035358677 0.480249878392 0.928611214128 1.32035358677 0.480249878392 0.928611214128
3.24573776022 -0.697655782646 4.65135797326 3.24573776022 -0.697655782646 4.65135797326
-2.64572342059 3.22450887232 1.00282037373 -2.64572342059 3.22450887232 1.00282037373
-2.20141921438 3.56339298773 2.11851457647 -2.20141921438 3.56339298773 2.11851457647
-1.45339355462 1.18932689353 0.0222493256545 -1.45339355462 1.18932689353 0.0222493256545
-1.05741931278 -2.31598739153 -1.54779604404 -1.05741931278 -2.31598739153 -1.54779604404
0.672763360378 1.30005046447 -1.09750220112 0.672763360378 1.30005046447 -1.09750220112
-3.01284130345 0.596398708582 -2.36554780106 -3.01284130345 0.596398708582 -2.36554780106
3.34935230837 3.86721566206 3.14917441048 3.34935230837 3.86721566206 3.14917441048
0.25765291166 -0.140950110665 0.387474017217 0.25765291166 -0.140950110665 0.387474017217
-2.12761073573 -1.77258180636 5.74778561723 -2.12761073573 -1.77258180636 5.74778561723
-0.876251415502 0.557979422434 -1.83069481139 -0.690853955773 0.808549296408 -1.81608576732
0.0726498733809 3.04584187488 0.412172530705 0.0726498733809 3.04584187488 0.412172530705
-1.35952889221 1.12663323835 0.834790649696 -1.35952889221 1.12663323835 0.834790649696
-3.49783677709 -0.03387578165 0.598974325072 -3.49783677709 -0.03387578165 0.598974325072
2.2728523296 0.0921612771906 -3.44814860088 2.2728523296 0.0921612771906 -3.44814860088
2.6435827759 -2.05790761492 -3.10463379531 2.6435827759 -2.05790761492 -3.10463379531
-0.922067016937 1.27481645479 -4.28397530026 -0.922067016937 1.27481645479 -4.28397530026
0.287232338128 3.75235864886 5.86597047322 0.287232338128 3.75235864886 5.86597047322
2.91221962736 -3.04841148467 -0.641037751983 2.91221962736 -3.04841148467 -0.641037751983
3.23613473681 0.904975005488 -0.959529316564 3.23613473681 0.904975005488 -0.959529316564
-3.07543788507 -0.257709957586 0.631314378823 -3.07543788507 -0.257709957586 0.631314378823
-0.559953529754 3.90331415662 -1.53890906347 -0.559953529754 3.90331415662 -1.53890906347
-0.409247635033 -4.23918265792 0.225021266701 -0.409247635033 -4.23918265792 0.225021266701
-2.84409735732 1.11046109658 0.427603093952 -2.50990445994 0.971711165674 0.524726379366
-0.710340487648 0.339639877954 3.80742662064 -0.710340487648 0.339639877954 3.80742662064
6.04245216495 0.974780307652 7.18028057008 6.04245216495 0.974780307652 7.18028057008
0.977781860889 -2.88725182004 -1.68893903972 0.977781860889 -2.88725182004 -1.68893903972
3.05310479646 -1.66044836606 -1.62628908074 3.05310479646 -1.66044836606 -1.62628908074
1.28899621786 -0.773131367919 0.692689589764 1.28899621786 -0.773131367919 0.692689589764
-3.37285845299 -0.396363835426 1.33710136816 -3.37285845299 -0.396363835426 1.33710136816
-5.33620036783 1.38878632382 3.36429349487 -5.33620036783 1.38878632382 3.36429349487
2.27620068412 -3.357334955 -0.0258500477618 2.27620068412 -3.357334955 -0.0258500477618
-0.595803946514 2.66626776307 2.59670510695 -0.595803946514 2.66626776307 2.59670510695
1.06213249004 0.229098147303 0.845785492831 1.06213249004 0.229098147303 0.845785492831
-0.851286516223 1.79642635743 2.85916427555 -0.851286516223 1.79642635743 2.85916427555
1.7121861161 -1.56537443759 -0.818581236324 1.7121861161 -1.56537443759 -0.818581236324
3.49378366433 -2.64690807764 -0.357491800354 3.49378366433 -2.64690807764 -0.357491800354
3.89203872041 0.364450668173 -2.31673145502 3.89203872041 0.364450668173 -2.31673145502
-1.25227096706 -1.83923969666 -0.260466759622 -1.25227096706 -1.83923969666 -0.260466759622
-3.18189113906 -1.43734128432 -0.0707890579451 -3.18189113906 -1.43734128432 -0.0707890579451
-0.527197174334 4.08893005396 2.62393443649 -0.527197174334 4.08893005396 2.62393443649
-2.12637341975 2.81876583622 6.60792639838 -2.12637341975 2.81876583622 6.60792639838
0.103331603691 -1.75335919744 2.80079820595 0.103331603691 -1.75335919744 2.80079820595
-0.602635457742 -3.00479783259 -0.393960601764 -0.602635457742 -3.00479783259 -0.393960601764
2.63582408208 0.410668000265 -0.964724253188 2.63582408208 0.410668000265 -0.964724253188
-1.86594434608 -2.41505389317 -2.14862357511 -1.86594434608 -2.41505389317 -2.14862357511
1.61639054921 -0.487676441731 -3.56794009668 1.61639054921 -0.487676441731 -3.56794009668
2.09281458529 -1.6364486608 1.86757190489 2.09281458529 -1.6364486608 1.86757190489
-2.82861247005 1.33343291942 1.16538356784 -2.82861247005 1.33343291942 1.16538356784
-0.94177536883 -0.624095495927 -3.91491551239 -0.94177536883 -0.624095495927 -3.91491551239
3.20247428545 2.184015574 1.36712452355 3.20247428545 2.184015574 1.36712452355
-0.513327978908 0.44588409394 -1.6245218709 -0.513327978908 0.44588409394 -1.6245218709
2.48557661931 1.31206110247 1.87569747656 2.48557661931 1.31206110247 1.87569747656
1.71946451057 4.58378911626 0.502463278103 1.71946451057 4.58378911626 0.502463278103
0.0684190591108 -0.707516654753 -0.00668444011897 0.0684190591108 -0.707516654753 -0.00668444011897
-1.15701239226 -0.441250482894 4.41028699421 -1.15701239226 -0.441250482894 4.41028699421
2.66189204883 4.02748424456 -1.36393745134 2.66189204883 4.02748424456 -1.36393745134
2.93052337181 -0.175851990849 -2.04284466985 2.93052337181 -0.175851990849 -2.04284466985
0.0569615134968 -0.668635833975 -0.667646165624 0.0569615134968 -0.668635833975 -0.667646165624
0.319843606699 -0.963848892755 -0.978967890141 0.319843606699 -0.963848892755 -0.978967890141
-2.34913871283 4.01870296959 2.2443136486 -2.34913871283 4.01870296959 2.2443136486
-0.600726562098 2.99965537007 -0.40753344149 -0.600726562098 2.99965537007 -0.40753344149
-3.17576441992 -2.61712909184 3.35322227673 -3.17576441992 -2.61712909184 3.35322227673
1.71372167607 -4.18569894726 2.23662012551 1.71372167607 -4.18569894726 2.23662012551
0.193738692741 -1.8457469515 0.258128830291 0.193738692741 -1.8457469515 0.258128830291
0.000847938982862 2.60994795867 -2.53467946985 0.000847938982862 2.60994795867 -2.53467946985
4.78924045107 -3.00581130053 1.65034006518 4.78924045107 -3.00581130053 1.65034006518
-1.08131343708 0.792110909097 3.27099813673 -1.08131343708 0.792110909097 3.27099813673
0.521812382565 -3.03804416371 3.96929825389 0.521812382565 -3.03804416371 3.96929825389
3.44100403694 -2.27719841206 3.68191846983 3.44100403694 -2.27719841206 3.68191846983
-0.774626252222 0.0354581398664 -3.62460395952 -0.774626252222 0.0354581398664 -3.62460395952
3.52501741563 2.5422049595 4.35993079422 3.52501741563 2.5422049595 4.35993079422
-4.897868981 1.57102922777 3.71865680264 -4.897868981 1.57102922777 3.71865680264
0.439223711345 -3.85188074814 0.74490633518 0.439223711345 -3.85188074814 0.74490633518
-2.78133635802 -0.643117062811 -1.9575549182 -2.78133635802 -0.643117062811 -1.9575549182
-2.83297393587 2.90268821612 -4.01476954085 -2.83297393587 2.90268821612 -4.01476954085
0.0213439625371 -2.68110160691 -5.82581788736 0.0213439625371 -2.68110160691 -5.82581788736
-1.74209791438 3.07422808625 -2.13807774482 -1.74209791438 3.07422808625 -2.13807774482
4.08098632523 1.85117418781 -2.68597178345 4.08098632523 1.85117418781 -2.68597178345
0.369989082601 -1.25012651521 -3.23100286728 0.369989082601 -1.25012651521 -3.23100286728
-3.85711506026 -1.50627874137 0.0194683828915 -3.85711506026 -1.50627874137 0.0194683828915
-5.75734741541 -1.86731556907 0.0882799975812 -5.75734741541 -1.86731556907 0.0882799975812
-0.370357872618 -0.434981256271 -0.503482894072 -0.250233193184 -0.453386953456 -0.779022717925
-1.4778239822 -1.36540462873 2.41370467445 -1.4778239822 -1.36540462873 2.41370467445
-0.473909245322 -1.41029191577 0.0561929521 -0.473909245322 -1.41029191577 0.0561929521
-0.49960369689 -1.58208743188 3.67281087904 -0.49960369689 -1.58208743188 3.67281087904
-1.4027333299 3.24337239343 -1.37095015519 -1.4027333299 3.24337239343 -1.37095015519
1.75887984961 -0.907284784044 0.387865428832 1.75887984961 -0.907284784044 0.387865428832
-3.20425390724 -0.402449062304 0.661232954112 -3.20425390724 -0.402449062304 0.661232954112
-2.47557537263 0.983326003082 -4.25859873134 -2.47557537263 0.983326003082 -4.25859873134
2.15337479004 -5.05726535524 -1.94755501407 2.15337479004 -5.05726535524 -1.94755501407
3.77070999847 2.15358281676 -0.184938287656 3.77070999847 2.15358281676 -0.184938287656
2.6162495826 -2.78268939511 -1.38363435645 2.6162495826 -2.78268939511 -1.38363435645
3.04574733904 0.344529075294 -3.03670033855 3.04574733904 0.344529075294 -3.03670033855
4.47877646024 2.93359549847 1.18436463476 4.47877646024 2.93359549847 1.18436463476
4.02999390496 3.41547920984 4.93573329197 4.02999390496 3.41547920984 4.93573329197
0.791188055072 0.595121454103 -2.51043101188 0.791188055072 0.595121454103 -2.51043101188
-2.05483629508 -1.72847149478 0.680513700497 -2.05483629508 -1.72847149478 0.680513700497
1.88172550905 -1.46473659607 1.89489551584 1.88172550905 -1.46473659607 1.89489551584
-0.0859162970044 -3.82205612687 2.21092481546 -0.0859162970044 -3.82205612687 2.21092481546
0.0286436959808 -3.05383555233 1.74962014671 0.0286436959808 -3.05383555233 1.74962014671
1.85526677004 -1.33859104115 -2.49663750956 1.85526677004 -1.33859104115 -2.49663750956
2.67193590136 -0.516872475061 -0.855272026009 2.67193590136 -0.516872475061 -0.855272026009
1.89930672492 -1.14045676439 -0.23403908025 1.89930672492 -1.14045676439 -0.23403908025
-2.91823730797 1.04584486367 -1.80118553711 -2.91823730797 1.04584486367 -1.80118553711
-3.14761826292 4.72508279721 -2.41784597103 -3.14761826292 4.72508279721 -2.41784597103
3.63926567746 -5.79254335429 1.73404685997 3.63926567746 -5.79254335429 1.73404685997
4.50627183511 2.71990630967 0.922417760794 4.50627183511 2.71990630967 0.922417760794
-0.0740927994492 0.795786481774 1.85876449419 -0.0740927994492 0.795786481774 1.85876449419
1.29149656586 2.75638453561 2.38121005049 1.29149656586 2.75638453561 2.38121005049
0.617965532377 1.88899225226 1.69231598315 0.662317206507 1.83562508945 1.72797891959
0.249513711884 -0.903469593916 1.31737360325 0.249513711884 -0.903469593916 1.31737360325
-0.736916780637 -1.2726259778 0.130814285314 -0.736916780637 -1.2726259778 0.130814285314
4.79809402276 0.0660414004301 2.28213827786 4.79809402276 0.0660414004301 2.28213827786
-2.94457345167 -3.2739243849 1.18784281187 -2.94457345167 -3.2739243849 1.18784281187
-2.65396134766 2.53231492429 -1.47095489585 -2.65396134766 2.53231492429 -1.47095489585
2.1750166466 -1.83710668331 -1.35880021233 2.1750166466 -1.83710668331 -1.35880021233
-2.91755298929 -2.99946972127 0.103067422157 -2.91755298929 -2.99946972127 0.103067422157
-0.240602818994 -3.19361911436 4.77650909971 -0.240602818994 -3.19361911436 4.77650909971
2.25512178492 2.93444019652 -0.32211235926 2.25512178492 2.93444019652 -0.32211235926
1.17752240537 3.38248441627 -5.48111419868 1.17752240537 3.38248441627 -5.48111419868
-0.243648918149 0.683715408631 2.54183068162 -0.243648918149 0.683715408631 2.54183068162
-1.66925232297 2.33492389848 -1.41812493077 -1.66925232297 2.33492389848 -1.41812493077
-1.55238370269 1.95557659183 -0.377432620933 -1.55238370269 1.95557659183 -0.377432620933
-5.19999052913 -4.49243301419 2.43404692608 -5.19999052913 -4.49243301419 2.43404692608
0.296446814775 -0.510238801934 -1.6708194517 0.296446814775 -0.510238801934 -1.6708194517
5.08950288443 1.06677462393 -4.36393237291 5.08950288443 1.06677462393 -4.36393237291
-0.40585179267 -0.0575046805292 -2.82752913445 -0.40585179267 -0.0575046805292 -2.82752913445
2.41540402438 -1.02070777981 -2.66139942378 2.41540402438 -1.02070777981 -2.66139942378
2.43023083914 -0.266614513007 1.24698018613 2.43023083914 -0.266614513007 1.24698018613
1.07203156922 -0.229482624635 3.37568963695 1.07203156922 -0.229482624635 3.37568963695
4.22466780449 0.585091532517 -0.521413641986 4.22466780449 0.585091532517 -0.521413641986
-3.90331901846 1.07574721363 1.83793546837 -3.90331901846 1.07574721363 1.83793546837
-0.767365744715 1.47787664712 0.118252193133 -0.767365744715 1.47787664712 0.118252193133
-2.302312837 0.022516140471 -1.49292359291 -2.302312837 0.022516140471 -1.49292359291
-1.70293046508 0.461592247513 1.22026265345 -1.70293046508 0.461592247513 1.22026265345
0.358350757573 -0.994754102741 0.239971268733 0.358350757573 -0.994754102741 0.239971268733
-1.98998493429 -0.818808916579 -0.15979129067 -1.98998493429 -0.818808916579 -0.15979129067
1.55943034329 5.79687231172 4.63481624798 1.55943034329 5.79687231172 4.63481624798
0.00911563230419 1.19952799571 3.85617786536 0.00911563230419 1.19952799571 3.85617786536
0.607422725407 2.52306666217 -0.768977390606 0.607422725407 2.52306666217 -0.768977390606
5.1982918298 4.31164145082 -1.45601710119 5.1982918298 4.31164145082 -1.45601710119
-0.401634583724 -2.27672731355 2.11666138979 -0.401634583724 -2.27672731355 2.11666138979
0.0678729912156 -0.32236961118 -3.3533955967 0.0678729912156 -0.32236961118 -3.3533955967
-0.275043434101 -0.777737176158 -1.84456220284 -0.275043434101 -0.777737176158 -1.84456220284
-0.352360059738 -2.16382902892 0.381494800039 -0.352360059738 -2.16382902892 0.381494800039
-3.65611572097 -1.54937141478 -0.367085792189 -3.65611572097 -1.54937141478 -0.367085792189
2.11666722601 -0.142280079166 0.0973507869405 2.11666722601 -0.142280079166 0.0973507869405
2.58288859259 0.00319985205865 -2.66917140125 2.58288859259 0.00319985205865 -2.66917140125
-2.19895713602 2.71005012959 -4.39526235338 -2.19895713602 2.71005012959 -4.39526235338
-1.83800462002 -1.71845158711 -3.71338076584 -1.83800462002 -1.71845158711 -3.71338076584
-4.92546266548 -2.30046493837 -4.02441670236 -4.92546266548 -2.30046493837 -4.02441670236
-0.218215539521 2.84769420777 -1.755506843 -0.218215539521 2.84769420777 -1.755506843
-0.140686446719 -1.44952875202 2.22525245938 -0.140686446719 -1.44952875202 2.22525245938
-3.64224733891 -0.649733664943 -0.881833257852 -3.64224733891 -0.649733664943 -0.881833257852
1.37536696748 -2.21443813419 -2.20583602008 1.37536696748 -2.21443813419 -2.20583602008
0.857440913648 1.04473217122 -0.982883143002 0.857440913648 1.04473217122 -0.982883143002
-2.04212661165 2.04503401447 0.92035174555 -2.04212661165 2.04503401447 0.92035174555
-0.714856617481 -3.43822104541 -0.114313492497 -0.714856617481 -3.43822104541 -0.114313492497
-4.36413325517 3.41182671731 0.648563865982 -4.36413325517 3.41182671731 0.648563865982
1.34061258673 -2.13195608872 3.19154279231 1.34061258673 -2.13195608872 3.19154279231
-3.97840124372 -2.29424442437 -0.388967135206 -3.97840124372 -2.29424442437 -0.388967135206
-4.42106354745 -4.13639113088 2.16343664594 -4.42106354745 -4.13639113088 2.16343664594
5.1859433497 -0.0341588212749 0.829873735089 5.1859433497 -0.0341588212749 0.829873735089
0.305076336514 -1.28587258808 -3.29762993199 0.305076336514 -1.28587258808 -3.29762993199
-2.21253373494 -1.43590786813 2.1533816737 -2.23546709895 -1.15762817668 2.28156095983
1.3382715767 1.88104786093 4.43155452674 1.3382715767 1.88104786093 4.43155452674
1.08641822343 1.70977053423 -1.29738868642 1.08641822343 1.70977053423 -1.29738868642
-3.09448489907 -1.35531417153 -1.99586624338 -3.09448489907 -1.35531417153 -1.99586624338
1.82603756579 -0.12074878635 3.06395750236 1.82603756579 -0.12074878635 3.06395750236
4.27055285709 -0.575414869314 3.74210623314 4.27055285709 -0.575414869314 3.74210623314
-1.05352042142 0.348774336271 1.7332786646 -1.05352042142 0.348774336271 1.7332786646
-0.598729769945 2.21016706039 1.00049899783 -0.598729769945 2.21016706039 1.00049899783
-0.164023968472 1.9484054672 2.65402972599 -0.164023968472 1.9484054672 2.65402972599
-0.769306745412 1.05105015447 -5.75417494875 -0.769306745412 1.05105015447 -5.75417494875
-2.03994972874 1.93261634419 1.43395901003 -2.03994972874 1.93261634419 1.43395901003
-1.24223739001 -0.592101378261 -1.35613216792 -1.24223739001 -0.592101378261 -1.35613216792
-2.04434681675 -0.904508336318 1.48592193216 -2.04434681675 -0.904508336318 1.48592193216
1.17511142116 -1.18180548325 -1.4031918174 1.17511142116 -1.18180548325 -1.4031918174
-0.446822027632 -1.68305029047 -3.58085235199 -0.446822027632 -1.68305029047 -3.58085235199
5.29005719799 0.21349496832 -1.20797866901 5.29005719799 0.21349496832 -1.20797866901
-0.841500777675 2.40139771062 -2.77489416883 -0.841500777675 2.40139771062 -2.77489416883
3.15079757092 1.38423794816 -0.105863712418 3.15079757092 1.38423794816 -0.105863712418
0.849936615103 0.106160179105 -0.852770112844 0.849936615103 0.106160179105 -0.852770112844
1.49797791628 -4.98704330387 -2.76243606905 1.49797791628 -4.98704330387 -2.76243606905
-0.575973961458 1.66064394158 2.67236924257 -0.575973961458 1.66064394158 2.67236924257
0.342025514216 -5.06869609695 -3.49355012303 0.342025514216 -5.06869609695 -3.49355012303
1.21876329976 -1.75008740196 0.726233321455 1.21876329976 -1.75008740196 0.726233321455
-1.03861833511 -1.15988938421 3.14133432235 -1.03861833511 -1.15988938421 3.14133432235
-2.75335087683 1.04324394956 -2.95597526368 -2.75335087683 1.04324394956 -2.95597526368
-3.69014315569 -0.0347104209666 0.739043748446 -3.69014315569 -0.0347104209666 0.739043748446
-2.50990445994 0.971711165674 0.524726379366 -2.84409735732 1.11046109658 0.427603093952
-2.01481907707 -0.777229559564 1.69895734579 -2.01481907707 -0.777229559564 1.69895734579
0.0429084319663 0.117239851461 3.07572939253 0.0429084319663 0.117239851461 3.07572939253
-2.56991993587 -2.64678112006 3.39494219851 -2.56991993587 -2.64678112006 3.39494219851
-3.86615127975 3.40456996959 -1.19686259913 -3.86615127975 3.40456996959 -1.19686259913
-0.351026253822 -1.76244411289 -0.853259096556 -0.351026253822 -1.76244411289 -0.853259096556
5.29795648903 -2.06297195464 2.2499274942 5.29795648903 -2.06297195464 2.2499274942
-2.42382474885 -2.22110131781 -1.74068674303 -2.42382474885 -2.22110131781 -1.74068674303
1.41773978603 -0.668372969225 -0.33952583038 1.41773978603 -0.668372969225 -0.33952583038
-1.58366054045 -3.29366741785 3.72005721227 -1.58366054045 -3.29366741785 3.72005721227
2.29305480816 -0.88349669677 -0.625593977895 2.29305480816 -0.88349669677 -0.625593977895
-1.17752315991 -2.44345035448 3.44550690098 -1.17752315991 -2.44345035448 3.44550690098
4.45873241227 -2.79650437621 -2.47160310143 4.45873241227 -2.79650437621 -2.47160310143
1.92115127629 1.39320460198 -1.22374049964 1.92115127629 1.39320460198 -1.22374049964
0.56820838365 3.78764189653 -1.6374818921 0.56820838365 3.78764189653 -1.6374818921
1.07764284852 -0.566730542497 -0.312518875552 1.07764284852 -0.566730542497 -0.312518875552
-0.964729813299 4.51562402143 -1.78054978981 -0.964729813299 4.51562402143 -1.78054978981
-3.15122895353 -3.80006443992 1.01083773386 -3.15122895353 -3.80006443992 1.01083773386
0.279801165108 -0.216071616258 1.71093345637 0.279801165108 -0.216071616258 1.71093345637
-3.16689606814 -5.20476270474 0.884476195368 -3.16689606814 -5.20476270474 0.884476195368
-2.72120880491 1.48337594331 -0.207391840759 -2.72120880491 1.48337594331 -0.207391840759
0.213901809593 -0.644267255642 -3.18736878201 0.213901809593 -0.644267255642 -3.18736878201
0.293289567185 -1.20595079248 -1.15117098658 0.293289567185 -1.20595079248 -1.15117098658
-4.4717810466 -2.18002372831 -0.837399596602 -4.4717810466 -2.18002372831 -0.837399596602
3.17162628509 0.658885031899 1.92536841073 3.17162628509 0.658885031899 1.92536841073
0.481520121762 4.50516804323 -2.50855282648 0.481520121762 4.50516804323 -2.50855282648
-0.365231550826 -0.295307435828 0.12789990024 -0.365231550826 -0.295307435828 0.12789990024
-2.00557671746 0.727593932995 0.857368225313 -2.00557671746 0.727593932995 0.857368225313
4.83043636971 -2.81804999691 -0.612502125055 4.83043636971 -2.81804999691 -0.612502125055
-0.405073584745 0.358521786103 5.62031640822 -0.405073584745 0.358521786103 5.62031640822
-1.45905158442 -3.1958767969 1.52171602312 -1.45905158442 -3.1958767969 1.52171602312
1.07980901059 3.74429991741 1.07971662422 1.07980901059 3.74429991741 1.07971662422
5.26451377738 -2.41313197141 2.7715871792 5.26451377738 -2.41313197141 2.7715871792
3.10877586616 -1.48384126675 0.500016028326 3.10877586616 -1.48384126675 0.500016028326
1.65028786499 1.25299012315 0.173299459195 1.65028786499 1.25299012315 0.173299459195
0.861393468386 2.21795322111 -3.33658520869 0.861393468386 2.21795322111 -3.33658520869
2.75508279114 2.37354972138 -1.25613989399 2.75508279114 2.37354972138 -1.25613989399
1.83485790964 -1.67147729825 -2.12648480762 1.83485790964 -1.67147729825 -2.12648480762
1.54903452415 0.927591866259 0.710322513566 1.54903452415 0.927591866259 0.710322513566
1.87387212226 0.385940649574 -4.38437512643 1.87387212226 0.385940649574 -4.38437512643
-0.987925455429 -3.03812583567 3.79003342751 -0.987925455429 -3.03812583567 3.79003342751
4.53666165383 -0.353671316159 -0.42509869784 4.53666165383 -0.353671316159 -0.42509869784
1.49337324637 0.0339889175459 -1.3886693061 1.49337324637 0.0339889175459 -1.3886693061
1.04299314986 -1.09834911145 3.34493559994 1.04299314986 -1.09834911145 3.34493559994
-2.14894003412 -0.0319335541911 3.81233062331 -2.14894003412 -0.0319335541911 3.81233062331
-2.14103165231 -0.21409830239 -2.75082758695 -2.14103165231 -0.21409830239 -2.75082758695
-0.295235156146 1.09664027125 -3.5976087487 -0.295235156146 1.09664027125 -3.5976087487
0.611381381506 3.05525090657 -3.96169679913 0.611381381506 3.05525090657 -3.96169679913
3.04844184754 -0.293367599102 0.242631894576 3.04844184754 -0.293367599102 0.242631894576
1.90770726103 -0.699382417118 1.14229971549 1.90770726103 -0.699382417118 1.14229971549
-0.662976151813 -0.227347716129 -0.653398577993 -0.662976151813 -0.227347716129 -0.653398577993
-0.910749279632 -1.29677696277 -3.41000395154 -0.910749279632 -1.29677696277 -3.41000395154
-0.211571255826 1.52836173266 -1.03613917259 -0.211571255826 1.52836173266 -1.03613917259
-0.690853955773 0.808549296408 -1.81608576732 -0.876251415502 0.557979422434 -1.83069481139
3.62552857509 2.39358643595 -1.36928087475 3.62552857509 2.39358643595 -1.36928087475
-0.836329810924 4.7254685553 -3.20815404916 -0.836329810924 4.7254685553 -3.20815404916
1.89619850414 -0.680412611808 0.773831106314 1.89619850414 -0.680412611808 0.773831106314
-1.21297113371 -3.78783271077 0.637547127891 -1.21297113371 -3.78783271077 0.637547127891
-2.77452594855 -4.84580952121 -4.02141891151 -2.77452594855 -4.84580952121 -4.02141891151
-0.0265015210722 1.36463316766 -0.0308853624092 -0.0265015210722 1.36463316766 -0.0308853624092
0.313245538889 -0.52845041129 3.94884352782 0.313245538889 -0.52845041129 3.94884352782
-0.466980820852 -1.23412928183 -1.84152177583 -0.466980820852 -1.23412928183 -1.84152177583
-1.54005961168 0.871751036778 -1.01968522067 -1.54005961168 0.871751036778 -1.01968522067
-2.1735559748 -1.21883723505 -0.696446094755 -2.1735559748 -1.21883723505 -0.696446094755
-3.29974401682 4.33350452499 -4.88921520678 -3.29974401682 4.33350452499 -4.88921520678
-1.14320004287 -0.960774658328 -0.639904955382 -1.14320004287 -0.960774658328 -0.639904955382
0.506850443246 2.22385993473 -4.43404943961 0.506850443246 2.22385993473 -4.43404943961
-2.32686215575 -2.89937137618 0.0614942550889 -2.32686215575 -2.89937137618 0.0614942550889
-1.5265845074 1.75580086568 3.25579536759 -1.5265845074 1.75580086568 3.25579536759
2.69152769564 1.60572808421 -0.705187552482 2.69152769564 1.60572808421 -0.705187552482
-1.80007339515 1.71132543629 -4.87316775795 -1.80007339515 1.71132543629 -4.87316775795
0.685423676255 -3.38113020541 0.925598956734 0.685423676255 -3.38113020541 0.925598956734
2.93710871035 -3.55687443771 1.9297923924 2.93710871035 -3.55687443771 1.9297923924
0.65095995219 0.69966815678 -3.9894179726 0.65095995219 0.69966815678 -3.9894179726
-4.03340666422 3.23932955331 1.09498279845 -4.03340666422 3.23932955331 1.09498279845
2.18512002159 -0.699549330155 -5.25193523822 2.18512002159 -0.699549330155 -5.25193523822
-0.14755232629 2.59178549915 1.56412050677 -0.14755232629 2.59178549915 1.56412050677
1.00417396242 -0.263523210131 4.09924703425 1.00417396242 -0.263523210131 4.09924703425
-4.51755321337 -0.0722869781438 -2.09150349542 -4.51755321337 -0.0722869781438 -2.09150349542
3.08573527524 1.99477981152 1.86928752317 3.08573527524 1.99477981152 1.86928752317
-0.00597446401076 -6.94958656424 -0.127754018622 -0.00597446401076 -6.94958656424 -0.127754018622
1.72713328797 0.660220719534 2.46061944182 1.72713328797 0.660220719534 2.46061944182
1.28437867009 0.118675442649 -0.252851896491 1.28437867009 0.118675442649 -0.252851896491
0.784855347034 -2.82515278493 2.14874652466 0.784855347034 -2.82515278493 2.14874652466
-2.92495842418 -2.03099795416 0.314300367749 -2.92495842418 -2.03099795416 0.314300367749
1.36671346703 0.189424481129 -3.31410249004 1.36671346703 0.189424481129 -3.31410249004
0.35147449526 -1.71436692753 5.491923891 0.35147449526 -1.71436692753 5.491923891
2.59234067823 -4.53301097133 -1.83830867148 2.59234067823 -4.53301097133 -1.83830867148
0.770257168918 -2.24252533325 0.698951689674 0.770257168918 -2.24252533325 0.698951689674
2.41526472023 -0.0795508704122 4.71558182642 2.41526472023 -0.0795508704122 4.71558182642
1.24272438442 -1.24637077823 2.45269792438 1.24272438442 -1.24637077823 2.45269792438
3.27443660405 1.07609018683 -1.28195530973 3.27443660405 1.07609018683 -1.28195530973
-3.28400061364 -2.04342951475 2.90076329827 -3.28400061364 -2.04342951475 2.90076329827
2.61988652872 -1.34645057011 -1.27463319096 2.61988652872 -1.34645057011 -1.27463319096
-3.35150472673 -0.273534606 -1.24959986164 -3.35150472673 -0.273534606 -1.24959986164
0.458304917365 0.49839502212 1.59700664532 0.458304917365 0.49839502212 1.59700664532
4.14732828497 2.64903660095 0.29408713823 4.14732828497 2.64903660095 0.29408713823
-1.47064586969 -0.011785215081 -3.60627702208 -1.47064586969 -0.011785215081 -3.60627702208
-3.24169461667 -3.44572046545 0.209630587113 -3.24169461667 -3.44572046545 0.209630587113
0.452476935952 1.76758954834 0.299056127878 0.452476935952 1.76758954834 0.299056127878
0.622740136526 1.82874427103 3.59905511113 0.622740136526 1.82874427103 3.59905511113
-1.93796041566 -2.98441350397 -0.959770068447 -1.93796041566 -2.98441350397 -0.959770068447
1.55426391984 0.440091301047 -5.55189123808 1.55426391984 0.440091301047 -5.55189123808
1.80352205689 -0.237079003241 5.7605176519 1.80352205689 -0.237079003241 5.7605176519
-2.58931181657 3.16235192307 3.77428157504 -2.58931181657 3.16235192307 3.77428157504
0.473905523594 -0.361660826312 3.26906528662 0.473905523594 -0.361660826312 3.26906528662
3.39807244811 -0.576562338715 1.73776392557 3.39807244811 -0.576562338715 1.73776392557
1.85573636622 -1.14870635067 -1.44831961425 1.85573636622 -1.14870635067 -1.44831961425
2.33472403386 -1.47889904899 3.74852013315 2.33472403386 -1.47889904899 3.74852013315
-0.195005302103 0.527718941506 1.77419074679 -0.195005302103 0.527718941506 1.77419074679
-0.0826479579066 2.67248440881 2.03490602696 -0.0826479579066 2.67248440881 2.03490602696
1.07904133243 1.0473905274 -0.574382086634 1.07904133243 1.0473905274 -0.574382086634
3.35726358144 -0.708392077174 1.90332507608 3.35726358144 -0.708392077174 1.90332507608
3.07905596978 -2.38536170468 1.83042600647 3.07905596978 -2.38536170468 1.83042600647
0.273905459163 -1.68982022272 -2.3548923954 0.273905459163 -1.68982022272 -2.3548923954
2.78171972447 0.236451460279 2.98014846362 2.78171972447 0.236451460279 2.98014846362
-1.27597457289 2.56762578019 0.423655167709 -1.27597457289 2.56762578019 0.423655167709
0.00993514959573 0.953490851758 -2.9297111599 0.551201443824 0.87817022787 -2.7479747613
0.569496475266 4.88189791883 0.920839942353 0.569496475266 4.88189791883 0.920839942353
3.01580584643 -0.637203328588 -1.76732001001 3.01580584643 -0.637203328588 -1.76732001001
0.523497581575 -5.00343490357 -6.78528634472 0.523497581575 -5.00343490357 -6.78528634472
2.89253686027 -1.21498710119 0.534336648122 2.89253686027 -1.21498710119 0.534336648122
-0.251864972768 -0.155896205443 -3.76162575031 -0.251864972768 -0.155896205443 -3.76162575031
-1.8082907629 1.00442275862 -4.31890756938 -1.8082907629 1.00442275862 -4.31890756938
-0.304674964507 -0.429299737378 0.426169696551 -0.304674964507 -0.429299737378 0.426169696551
-0.244300203536 -1.19218647161 3.2913528505 -0.244300203536 -1.19218647161 3.2913528505
2.76249537623 -2.00797112945 2.77125963624 2.76249537623 -2.00797112945 2.77125963624
3.5982114253 -3.61465338161 0.175727216102 3.5982114253 -3.61465338161 0.175727216102
-2.06889364035 -0.116898557617 2.00992746314 -2.06889364035 -0.116898557617 2.00992746314
0.856271802992 2.05016994702 1.30184123523 0.856271802992 2.05016994702 1.30184123523
-0.250233193184 -0.453386953456 -0.779022717925 -0.370357872618 -0.434981256271 -0.503482894072
-0.20238887961 1.42188287846 -0.351814513942 -0.20238887961 1.42188287846 -0.351814513942
-0.37218731001 0.516325152747 -2.05527590848 -0.37218731001 0.516325152747 -2.05527590848
