4.28723714317 -0.460790724413 1.34761204115 4.28723714317 -0.460790724413 1.34761204115
0.692392168699 0.435500121473 -2.77612737966 0.898415373637 0.228564118493 -2.80915226661
0.269959519404 0.242355019263 -1.28756692107 0.269959519404 0.242355019263 -1.28756692107
-2.30495615648 0.711052503787 -1.74763758903 -2.30495615648 0.711052503787 -1.74763758903
3.40507877396 -0.19452729629 2.5064953753 3.40507877396 -0.19452729629 2.5064953753
0.823256386958 0.468228051828 -3.49847759476 0.823256386958 0.468228051828 -3.49847759476
1.74874833048 0.684889639086 1.78893017463 1.74874833048 0.684889639086 1.78893017463
-1.44388755683 -0.0371155041663 -1.7153231926 -1.44388755683 -0.0371155041663 -1.7153231926
-2.9730394472 0.792718994407 -2.78747326202 -2.9730394472 0.792718994407 -2.78747326202
0.106864508218 -0.936199923908 -0.0473634328909 0.391987527444 -0.68968153913 -0.479484124602
0.455674500946 -0.192964579337 3.97938000742 0.455674500946 -0.192964579337 3.97938000742
-0.366015173681 0.0849032875025 0.641595563252 -0.362492353814 -0.381424773686 0.940487535133
-0.452716218829 0.119082014423 0.297593918495 -0.704824429839 0.0557359993524 0.408601356567
-0.494939174989 -0.0218169031818 0.164713569468 -0.686014060105 0.146911165194 0.256023230825
1.45308975306 1.26636234522 -1.03360085817 1.45308975306 1.26636234522 -1.03360085817
-9.37112696147 -0.913963612492 2.83697775319 -9.37112696147 -0.913963612492 2.83697775319
-1.79934474707 -0.776900093619 -5.47970716866 -1.79934474707 -0.776900093619 -5.47970716866
3.56932022895 0.163285864502 4.19166819896 3.56932022895 0.163285864502 4.19166819896
0.103968248061 -0.0106290897718 0.00210571618816 0.264933020019 0.279067959544 0.161025153655
-0.0598923272071 -0.317615454339 -6.01475266106 -0.0598923272071 -0.317615454339 -6.01475266106
1.40404255879 -0.174394814925 0.876814137665 0.843741528128 0.133359265746 0.774322697637
2.69531644084 0.894369051865 4.24803032923 2.69531644084 0.894369051865 4.24803032923
-2.71919980773 -0.0119181655871 6.99167555133 -2.71919980773 -0.0119181655871 6.99167555133
-0.00347564234652 0.248999134908 0.251098019169 -0.242556189183 -0.192076463721 0.264881483718
-4.52177213626 0.818091144889 1.41813452421 -4.52177213626 0.818091144889 1.41813452421
0.627839701176 0.405867591838 0.240880352275 0.396761670439 -0.0772551297438 -0.0504953068815
-3.10047052298 0.982985415466 3.4045203575 -3.10047052298 0.982985415466 3.4045203575
-1.68571047505 -0.519484415541 2.16261054616 -2.04211193637 -0.579512332842 1.94785407288
0.59352111065 -0.0480136484823 -0.179974614868 0.736981933575 -0.203185400161 -0.340353527647
1.29476313356 -0.116248800597 0.516046277165 1.54751202044 -0.387321729087 0.0903780371586
-2.00604496662 0.202292714374 2.08146433836 -2.00604496662 0.202292714374 2.08146433836
-0.796882378199 0.367752182172 0.130835014362 -0.509183038427 0.438394333863 0.423561392728
-0.210280842369 0.671567271605 0.100873827306 0.512393846773 0.702232187871 0.243391799701
-6.52983774735 0.129593386678 -1.82435350849 -6.52983774735 0.129593386678 -1.82435350849
-0.239384863711 -0.222830829303 1.00404062158 -0.210758970159 -0.229785131953 0.167028836967
5.06893972481 -0.142956849384 -2.35408059789 5.06893972481 -0.142956849384 -2.35408059789
0.275067818515 -0.117953884179 -0.49530376156 0.0587677666058 0.16456942036 -0.31524784364
-1.91916464634 0.552051481756 -1.81498505965 -1.91916464634 0.552051481756 -1.81498505965
2.68817248816 -0.0890195055345 0.0626845884477 2.68817248816 -0.0890195055345 0.0626845884477
-5.75896420759 0.348126514485 1.34584439897 -5.75896420759 0.348126514485 1.34584439897
-2.18442395021 -0.84630866722 -7.90051688442 -2.18442395021 -0.84630866722 -7.90051688442
1.4346755729 -0.344740210328 1.86568781627 1.4346755729 -0.344740210328 1.86568781627
1.15209681856 -1.29813853739 -1.91452053715 1.15209681856 -1.29813853739 -1.91452053715
0.969840660746 -0.0384624050412 -1.66604554372 0.969840660746 -0.0384624050412 -1.66604554372
-1.98068756602 0.0409458616605 -1.78120592489 -1.80210399888 0.098175242121 -1.89654805028
0.0804736812182 1.28399506831 -7.57226373057 0.0804736812182 1.28399506831 -7.57226373057
0.418810964967 -0.615384911397 -2.51853619484 0.418810964967 -0.615384911397 -2.51853619484
0.702046104653 -0.185318443052 -0.922213025576 0.218919699299 0.0445144558516 -0.185198311058
-0.362492353814 -0.381424773686 0.940487535133 -0.387246663983 -0.382311860469 0.957851169795
0.724489023015 0.0318376902042 0.448148974562 0.339274329806 0.511582198038 0.257137187084
-0.0982841859254 -0.0246163072532 -0.329814281947 0.129420768027 0.0452965799632 -0.341064810157
3.57344919748 -0.601279633591 -0.174540720068 3.57344919748 -0.601279633591 -0.174540720068
-1.16441330555 1.1529267368 -0.234296552911 -1.16441330555 1.1529267368 -0.234296552911
1.09412050655 1.15962450996 -0.950976203363 1.09412050655 1.15962450996 -0.950976203363
-3.33966322368 0.88436436462 3.36815734623 -3.33966322368 0.88436436462 3.36815734623
0.802631534453 0.280219232625 0.598419835515 0.815125165397 -0.137462337658 0.759915506645
-0.992485981582 0.58494041183 1.57289022981 -0.992485981582 0.58494041183 1.57289022981
-6.74106072731 -0.167203442039 -0.984861374934 -6.74106072731 -0.167203442039 -0.984861374934
-2.77526203563 -0.372032231105 -1.08180150598 -2.77526203563 -0.372032231105 -1.08180150598
0.175016200324 -0.240302238166 0.322787275355 0.0254195681384 0.263871865746 0.112668980937
1.2920162145 -0.189812047143 2.46441380372 1.2920162145 -0.189812047143 2.46441380372
0.898415373637 0.228564118493 -2.80915226661 0.692392168699 0.435500121473 -2.77612737966
-0.0272095992354 0.834440627659 -0.262135248351 -0.151788726942 0.418170481647 -0.0957681894499
-0.245583391479 0.380385299488 0.275906117908 -0.0604666942396 -0.126195497416 0.534288096928
0.631045739837 0.0474372105473 -4.00003894431 0.631045739837 0.0474372105473 -4.00003894431
-3.46077272934 0.303287911424 -1.14494431034 -3.46077272934 0.303287911424 -1.14494431034
-0.736953568175 -0.705230874466 1.77826056757 -1.10843321662 -0.294275229037 1.40205125763
0.512393846773 0.702232187871 0.243391799701 0.504967570807 0.392464176041 0.157808288513
-1.10843321662 -0.294275229037 1.40205125763 -0.736953568175 -0.705230874466 1.77826056757
0.951393962079 -0.35896993233 -0.474181749528 1.40404255879 -0.174394814925 0.876814137665
-0.693818884343 -0.116702820753 0.47487979891 -0.306762929007 -0.0428909466449 0.998595104818
-2.79250418333 -0.567166777759 4.53424211798 -2.79250418333 -0.567166777759 4.53424211798
-1.88236623601 -0.171418445438 2.24165569591 -1.5863328844 -0.480070461108 2.46269691889
2.38912746675 0.175239297027 1.80268735244 2.38912746675 0.175239297027 1.80268735244
-0.663136297906 0.0886745405656 1.62406540043 -0.444275549456 -0.183100765785 1.67297190824
0.117259926548 0.124739132793 0.929863849369 0.197495112474 0.169844056206 0.6637140502
0.393812468643 -0.337436300796 4.88615852917 0.393812468643 -0.337436300796 4.88615852917
-0.639463766322 0.0736398082633 0.361849524317 -0.505075041395 -0.0559406817442 -0.0107056747694
-1.55307859296 -0.634137973361 -0.169805791538 -1.55307859296 -0.634137973361 -0.169805791538
-1.48451585987 -0.00709253277008 2.08404581629 -1.88236623601 -0.171418445438 2.24165569591
0.358061202656 0.253729318685 -1.06419950869 0.146755963926 0.394948505071 -0.861478866113
5.82026714373 0.00716335918151 0.745366052064 5.82026714373 0.00716335918151 0.745366052064
0.693807435089 0.0533871175796 -0.661387377597 0.702046104653 -0.185318443052 -0.922213025576
-5.53161555121 -0.558324180254 -1.27205122544 -5.53161555121 -0.558324180254 -1.27205122544
2.05024728056 -0.143949923522 -0.103462721315 1.77165988861 -0.170573206605 0.0599189704882
0.404407612603 1.00097028361 1.16003828631 0.404407612603 1.00097028361 1.16003828631
0.129420768027 0.0452965799632 -0.341064810157 0.277665613639 0.128379511498 -0.156398679205
-2.28083734544 -1.02803245152 -4.55870488542 -2.28083734544 -1.02803245152 -4.55870488542
-2.04211193637 -0.579512332842 1.94785407288 -2.15957047901 -0.709337100607 1.95755442761
3.27060820702 -0.612141772944 -1.91338982573 3.27060820702 -0.612141772944 -1.91338982573
-0.526343380391 1.37290672587 3.89289888352 -0.526343380391 1.37290672587 3.89289888352
-0.328887173323 -0.0273753763279 2.3026579255 -0.328887173323 -0.0273753763279 2.3026579255
0.0958329687072 -0.439151533849 -1.74979733778 0.0958329687072 -0.439151533849 -1.74979733778
2.68016306078 -0.336634823025 -5.52739828406 2.68016306078 -0.336634823025 -5.52739828406
0.0587677666058 0.16456942036 -0.31524784364 -0.0982841859254 -0.0246163072532 -0.329814281947
0.500333247236 -0.0881832117226 -0.26405137137 0.27705308118 0.126212968421 -0.494225921459
-0.0379052874779 -0.0362504744957 0.0776064114291 -0.187620455983 0.427548577139 0.410850308148
1.04832840521 1.07750555523 -1.23591181021 1.04832840521 1.07750555523 -1.23591181021
0.111235811218 0.133406173972 0.942286977586 -0.239384863711 -0.222830829303 1.00404062158
0.277665613639 0.128379511498 -0.156398679205 0.113277227093 0.330883436547 0.0883565206927
-1.9101985558 0.297925337203 2.43688909567 -1.9101985558 0.297925337203 2.43688909567
6.15762075952 -0.0841202880714 -0.181583326528 6.15762075952 -0.0841202880714 -0.181583326528
-0.175418635342 0.305761572329 0.103865233841 -0.494939174989 -0.0218169031818 0.164713569468
-7.42684681925 0.406622569304 -1.51528011164 -7.42684681925 0.406622569304 -1.51528011164
-2.83183018602 0.297728192551 -1.13572193494 -2.83183018602 0.297728192551 -1.13572193494
4.39550093042 0.136971314706 -3.8930564142 4.39550093042 0.136971314706 -3.8930564142
0.815125165397 -0.137462337658 0.759915506645 1.29476313356 -0.116248800597 0.516046277165
-0.186664443907 0.25007940094 0.647548625596 -0.074326147217 -0.144974933503 0.6573291572
0.18471518715 -0.152875865152 -0.398323007945 -0.530282547162 0.237979278488 0.148173584656
-1.00381806804 -1.20612067551 3.9148548552 -1.00381806804 -1.20612067551 3.9148548552
2.0237023452 -0.660724288291 -2.38759336737 2.0237023452 -0.660724288291 -2.38759336737
2.59849128939 -0.275382207259 -0.299558181967 2.38439999451 -0.600490284088 -0.0948495762744
-2.33719140856 0.186906450077 -4.01774036779 -1.97199200755 -0.324522185504 -3.81175334537
2.11054093041 0.536317293775 -0.671468335621 2.11054093041 0.536317293775 -0.671468335621
-0.385637234717 -0.0196492682048 1.75471446061 -1.11304622499 -0.232155027619 1.87512291652
2.65268320506 0.313439576865 -4.6064676817 2.65268320506 0.313439576865 -4.6064676817
4.49269951822 0.18980595357 -3.63655335859 4.49269951822 0.18980595357 -3.63655335859
-0.210758970159 -0.229785131953 0.167028836967 -0.0379052874779 -0.0362504744957 0.0776064114291
0.755537167125 -0.416739347443 -2.72929178606 0.234947540756 -0.172692202758 -3.36229633432
-3.9580802689 -0.910297092388 -0.250685351992 -3.9580802689 -0.910297092388 -0.250685351992
0.121773037556 0.458520860195 -0.0924381320921 0.542649886821 0.509067166494 -0.522935789331
3.92981442578 0.633922204744 -2.4465786919 3.92981442578 0.633922204744 -2.4465786919
3.0825338462 0.941226023055 -5.04308536306 3.0825338462 0.941226023055 -5.04308536306
-2.54048148504 -0.29105836639 0.868731439214 -2.54048148504 -0.29105836639 0.868731439214
1.36828559041 -0.500200475911 -1.25592213185 1.36828559041 -0.500200475911 -1.25592213185
0.655408857791 0.150928233992 5.0384404865e-05 0.925795104535 0.169562812556 -0.0763876832875
4.09798311895 -0.554301039426 -0.505640775372 4.09798311895 -0.554301039426 -0.505640775372
-5.1285637041 -1.00919780353 -2.03404672113 -5.1285637041 -1.00919780353 -2.03404672113
-0.509183038427 0.438394333863 0.423561392728 -0.366015173681 0.0849032875025 0.641595563252
-0.260302969713 -0.308704440595 -1.18355708764 -0.260302969713 -0.308704440595 -1.18355708764
1.84275380401 -0.800359389988 4.52191483451 1.84275380401 -0.800359389988 4.52191483451
0.504967570807 0.392464176041 0.157808288513 0.144257418934 0.317251091085 0.699076926036
7.55733256267 -0.678790055589 -0.323071208077 7.55733256267 -0.678790055589 -0.323071208077
0.246027087996 -0.11554627874 -0.903630293821 0.491057033397 -0.148228640983 -0.546004760196
-2.13045948578 0.729555341691 -1.11542576618 -2.13045948578 0.729555341691 -1.11542576618
-0.444275549456 -0.183100765785 1.67297190824 -0.385637234717 -0.0196492682048 1.75471446061
0.332336988235 -0.299622417905 2.02450446118 0.332336988235 -0.299622417905 2.02450446118
-0.0458381568572 -0.33370843794 -0.221279352358 0.411292959518 -0.268606069704 -0.321021024492
-0.658966813367 -0.231701765139 -0.578257147104 -0.863694078432 -0.12743517635 -0.60071843023
-2.24232773543 -1.21899321421 1.91551482506 -2.24232773543 -1.21899321421 1.91551482506
0.0578278046981 -0.554038228895 -0.781321733666 0.106864508218 -0.936199923908 -0.0473634328909
-3.85339850937 -0.671458048852 0.212897008993 -3.85339850937 -0.671458048852 0.212897008993
-5.19816837262 0.496324386038 -2.38013319619 -5.19816837262 0.496324386038 -2.38013319619
-3.98221041945 0.820471597243 0.253158598386 -3.80758521701 0.685595343018 0.0256442118364
1.16377560216 -0.138189378774 0.492186915867 1.11782270136 -0.740028660376 0.233442049292
3.26799128502 -0.740029671809 -0.375056537616 3.26799128502 -0.740029671809 -0.375056537616
-3.91626089083 -0.900887054999 -3.59848912509 -3.91626089083 -0.900887054999 -3.59848912509
1.61937279075 -0.631086163706 1.01663988248 1.61937279075 -0.631086163706 1.01663988248
1.42155091713 0.874362918746 -0.983928584012 1.42155091713 0.874362918746 -0.983928584012
-0.418473527963 -0.0506368093791 -0.195840237804 0.0578278046981 -0.554038228895 -0.781321733666
-1.67959689964 -0.648229383266 2.45338555571 -1.67959689964 -0.648229383266 2.45338555571
-0.210265723495 0.368615326693 -0.0396256370346 0.265063716656 0.0470855311775 -0.233632675747
-5.58705063666 0.832270845063 -2.85012885824 -5.58705063666 0.832270845063 -2.85012885824
-4.72860434097 0.175271170993 -1.18929432556 -4.72860434097 0.175271170993 -1.18929432556
0.76103311494 -0.00601500826544 -0.104945395001 0.103968248061 -0.0106290897718 0.00210571618816
2.5412053606 0.946815996939 -2.70682345618 2.5412053606 0.946815996939 -2.70682345618
3.70923747445 0.297495680004 -1.21864409956 3.95315770577 0.388025875453 -1.34976809058
4.32108633543 -0.140125794162 -0.822950586412 4.43183363776 0.00532921289771 -0.811880546551
3.22716737088 0.54541563547 -2.5641947752 3.22716737088 0.54541563547 -2.5641947752
-0.323482239492 -0.56567896942 2.45826903686 -0.323482239492 -0.56567896942 2.45826903686
0.448888467087 -0.0104590913132 0.409388916377 0.122666489788 -0.119042556427 0.445233757911
0.222766992887 -0.174812375417 0.089863098544 0.148639052199 -0.109663851672 0.425353932079
1.24828602574 0.411937224964 1.17798480519 1.24828602574 0.411937224964 1.17798480519
-5.5270569349 -0.609113363216 1.14854947947 -5.5270569349 -0.609113363216 1.14854947947
-2.19892481935 -0.290464139605 -0.900573684213 -2.09732139158 -0.440237297908 -1.20655135517
-0.0604666942396 -0.126195497416 0.534288096928 -0.186664443907 0.25007940094 0.647548625596
5.52282450564 0.0618900095017 3.32313425796 5.52282450564 0.0618900095017 3.32313425796
-3.50788537781 -0.569440560363 -4.18143100317 -3.50788537781 -0.569440560363 -4.18143100317
-2.30687578764 -0.114413127236 -2.19380176297 -2.30687578764 -0.114413127236 -2.19380176297
-0.217044618461 0.0670434139288 -0.270287274547 -0.22762055619 -0.0567293533237 0.0771265996325
0.396761670439 -0.0772551297438 -0.0504953068815 0.19869365788 0.270788067541 -0.255192169392
-4.53555270998 0.591938125951 -2.78409813489 -4.35606365242 0.364247230987 -2.59815638166
-2.09025400804 -0.853244372636 -0.367589537094 -1.49314410217 -0.574577015068 -0.19795580889
1.98127797293 0.539653748444 -1.1550945521 1.98127797293 0.539653748444 -1.1550945521
-0.202028632582 -0.283591296605 0.387100264277 0.183640583584 -0.324120343096 0.196209935151
2.99229801253 -0.13156214479 -1.40452650609 2.99229801253 -0.13156214479 -1.40452650609
-5.47603212299 0.430152250787 -2.73133762114 -5.47603212299 0.430152250787 -2.73133762114
0.481668193348 -0.314761505881 0.45857138859 0.786334251373 -0.599144319105 0.46864621699
1.9374372206 0.875598253537 -3.23035200883 1.9374372206 0.875598253537 -3.23035200883
-0.387246663983 -0.382311860469 0.957851169795 0.304957453515 0.417971785807 1.21164532715
0.797886723068 -1.24330047246 1.59135648731 0.797886723068 -1.24330047246 1.59135648731
-0.861908438794 -0.460687921213 3.20056539205 -0.861908438794 -0.460687921213 3.20056539205
6.21639451285 -0.601243497156 3.08151480472 6.21639451285 -0.601243497156 3.08151480472
2.31430476931 0.172069157828 3.06871144663 2.31430476931 0.172069157828 3.06871144663
-0.196874853195 -0.280607749274 -0.00737761742211 -0.418473527963 -0.0506368093791 -0.195840237804
-4.33717462257 0.50643059508 -2.3609045999 -4.33717462257 0.50643059508 -2.3609045999
0.786334251373 -0.599144319105 0.46864621699 0.724489023015 0.0318376902042 0.448148974562
1.96029612895 -0.15535737097 -1.76366677484 1.96029612895 -0.15535737097 -1.76366677484
6.00577166371 0.117314795062 2.27027263454 6.00577166371 0.117314795062 2.27027263454
-3.62474223855 0.785649474597 2.87143735702 -3.62474223855 0.785649474597 2.87143735702
0.406395876404 -0.282373799259 0.151954963564 0.0778579753654 0.121875388226 0.0577058611731
-1.98850557249 -0.11853146905 -4.36621638618 -1.98850557249 -0.11853146905 -4.36621638618
4.99003934064 -0.0337714282507 -0.65918276543 4.99003934064 -0.0337714282507 -0.65918276543
1.54751202044 -0.387321729087 0.0903780371586 1.36406139748 -0.439136255883 0.202198252614
-2.15957047901 -0.709337100607 1.95755442761 -2.00683145817 -0.540816911199 2.1889267189
-1.46783844159 -0.628873957661 -1.32582563879 -1.46783844159 -0.628873957661 -1.32582563879
-0.641795442395 -0.352166557081 -0.906675797197 -0.658966813367 -0.231701765139 -0.578257147104
4.46866964086 -0.383957578814 2.76502784583 4.46866964086 -0.383957578814 2.76502784583
0.183640583584 -0.324120343096 0.196209935151 0.404302886525 -0.153155893811 0.20105458408
-0.664580740836 0.82281130531 -1.53057538378 -0.664580740836 0.82281130531 -1.53057538378
0.404302886525 -0.153155893811 0.20105458408 0.481668193348 -0.314761505881 0.45857138859
2.99559948668 0.204996091564 -0.00338223536625 2.99559948668 0.204996091564 -0.00338223536625
1.23925311439 1.01678710609 -1.21681669386 1.23925311439 1.01678710609 -1.21681669386
1.36406139748 -0.439136255883 0.202198252614 0.701339882745 -0.283202893099 0.195964643456
-0.319767004985 0.163324760791 0.948168302898 -0.160474796473 -0.0218066064296 0.889858065352
0.238864465086 -0.526973526844 0.780431915876 0.238864465086 -0.526973526844 0.780431915876
1.00274740164 0.602944138939 -6.94623171713 1.00274740164 0.602944138939 -6.94623171713
0.100132705152 0.384468166124 0.827544958298 0.298651444343 0.290695425125 0.383434607663
1.02010862608 -0.718504644311 2.29166435738 1.02010862608 -0.718504644311 2.29166435738
0.437234531057 -0.185098808238 4.37302027836 0.437234531057 -0.185098808238 4.37302027836
-3.12107718408 -0.760107944879 -2.53801276695 -3.12107718408 -0.760107944879 -2.53801276695
0.286712579352 0.00105484508497 0.0140627707286 0.76103311494 -0.00601500826544 -0.104945395001
-2.72964197752 0.0421821940417 1.42025581044 -2.72964197752 0.0421821940417 1.42025581044
2.63748395488 -0.667038513419 0.608954621498 2.34551347953 -0.388328251494 0.559098267184
-2.09233608669 0.516062729735 0.392990173952 -2.09233608669 0.516062729735 0.392990173952
-0.821180905219 0.823297509069 3.58322677162 -0.821180905219 0.823297509069 3.58322677162
-0.505075041395 -0.0559406817442 -0.0107056747694 -0.317831246838 0.0493365391407 0.0109111498352
1.86815876255 -0.331477796499 5.06868934628 1.86815876255 -0.331477796499 5.06868934628
-0.375338855572 0.00231804509994 0.13675697023 -0.558770332458 -0.0284567863306 0.307029429141
0.218919699299 0.0445144558516 -0.185198311058 0.135911715144 0.121663540099 0.315188680792
-4.5802601133 -0.169152960211 3.34468764081 -4.5802601133 -0.169152960211 3.34468764081
-3.21251411166 -0.682231287968 -5.06725281042 -3.21251411166 -0.682231287968 -5.06725281042
-0.306762929007 -0.0428909466449 0.998595104818 -0.319767004985 0.163324760791 0.948168302898
-0.59747169778 -0.202118981959 0.363551708594 -0.539719569628 -0.307014218456 0.292541509772
-0.294287332416 -0.43569989703 0.297231448658 -0.59747169778 -0.202118981959 0.363551708594
0.0899377209023 0.229567467433 1.1759343635 0.111235811218 0.133406173972 0.942286977586
0.963800363267 -0.469892852647 -0.145767966984 0.963800363267 -0.469892852647 -0.145767966984
-0.431590547606 -0.295771531936 3.99557658748 -0.431590547606 -0.295771531936 3.99557658748
0.358139267827 0.208618561658 -3.73751255849 0.358139267827 0.208618561658 -3.73751255849
0.925795104535 0.169562812556 -0.0763876832875 0.59238102958 -0.126117426481 -0.00647029188197
-0.847400094801 -0.00148420664711 2.28779079931 -0.847400094801 -0.00148420664711 2.28779079931
3.68694468273 -1.00949919435 3.08862269566 3.68694468273 -1.00949919435 3.08862269566
0.110742403638 -0.0371988750994 0.621290502085 0.30057595715 -0.274716741323 -0.117019895305
-1.21619187382 1.34324354114 3.52657612381 -1.21619187382 1.34324354114 3.52657612381
-2.42403902554 -0.172833120036 4.63480131006 -1.94565047812 0.0371470072412 4.54532557355
0.234947540756 -0.172692202758 -3.36229633432 0.426549335674 -0.142626286056 -2.93911737933
0.0159432004786 -0.188106988599 -0.0756248874054 -0.210265723495 0.368615326693 -0.0396256370346
5.41031607412 0.1454234342 1.51566449086 5.41031607412 0.1454234342 1.51566449086
-0.492196907607 0.107387263046 0.328778991388 -0.625949654828 0.328283110838 0.321261105061
-4.99482321642 0.368252858737 0.406712552319 -4.99482321642 0.368252858737 0.406712552319
-0.558770332458 -0.0284567863306 0.307029429141 -0.245583391479 0.380385299488 0.275906117908
1.34965889212 0.206275166336 2.4478979376 1.34965889212 0.206275166336 2.4478979376
-3.70756524473 0.0434323139789 2.43380042309 -3.70756524473 0.0434323139789 2.43380042309
0.404392257212 0.234345513811 -0.0316366806715 0.0510106521826 -0.331063831541 0.13890487132
-1.97199200755 -0.324522185504 -3.81175334537 -2.29222394863 -0.228779088092 -3.98790432424
-6.18998809507 0.376614814866 -1.49991706846 -6.18998809507 0.376614814866 -1.49991706846
2.19658920575 -0.405632089012 3.818271616 2.19658920575 -0.405632089012 3.818271616
0.843741528128 0.133359265746 0.774322697637 0.0899377209023 0.229567467433 1.1759343635
1.66455680101 -0.256125058599 -4.30090394619 1.66455680101 -0.256125058599 -4.30090394619
1.58874391496 0.234445390997 -1.17459439893 1.58874391496 0.234445390997 -1.17459439893
0.379007615813 -0.336855102738 1.53819841928 0.379007615813 -0.336855102738 1.53819841928
0.19869365788 0.270788067541 -0.255192169392 -0.050778597454 -0.555950371779 -0.8139312211
0.352624826764 -0.256948992324 -1.53249412687 0.352624826764 -0.256948992324 -1.53249412687
-4.10141430243 0.325242335945 -0.220822164123 -4.10141430243 0.325242335945 -0.220822164123
-2.59990999308 -0.392963768315 0.874750224828 -2.59990999308 -0.392963768315 0.874750224828
4.12565248379 0.634153995115 4.14916291946 4.12565248379 0.634153995115 4.14916291946
-4.2726049207 -0.196470498945 -0.371625596847 -4.2726049207 -0.196470498945 -0.371625596847
0.994287911549 0.725830553203 -6.99990538659 0.994287911549 0.725830553203 -6.99990538659
-4.82167485895 -0.787968198841 1.48927661997 -4.82167485895 -0.787968198841 1.48927661997
2.34551347953 -0.388328251494 0.559098267184 2.63748395488 -0.667038513419 0.608954621498
1.47964898324 -0.0383351306324 6.17144910143 1.47964898324 -0.0383351306324 6.17144910143
2.65691169365 0.00345794919987 -6.49248209282 2.65691169365 0.00345794919987 -6.49248209282
-3.33794309442 0.756987714152 3.46382745978 -3.33794309442 0.756987714152 3.46382745978
-6.72757562945 -1.13718012086 0.218234671624 -6.72757562945 -1.13718012086 0.218234671624
-4.01315828217 -0.569758061016 -1.26331001096 -4.01315828217 -0.569758061016 -1.26331001096
3.66800191444 0.185126598059 2.41126551433 3.66800191444 0.185126598059 2.41126551433
-0.187620455983 0.427548577139 0.410850308148 -0.639463766322 0.0736398082633 0.361849524317
-0.0679193673652 -0.338470310628 3.94795228385 -0.0679193673652 -0.338470310628 3.94795228385
8.01413784861 0.485675725136 0.508308419181 8.01413784861 0.485675725136 0.508308419181
3.06561655999 -0.0641445156342 2.98487868142 3.06561655999 -0.0641445156342 2.98487868142
3.95315770577 0.388025875453 -1.34976809058 3.70923747445 0.297495680004 -1.21864409956
5.18453233562 -0.326675053177 -1.06635436903 5.18453233562 -0.326675053177 -1.06635436903
5.95284103823 -0.337545299163 2.65666559914 5.95284103823 -0.337545299163 2.65666559914
3.08689365771 -0.433987997018 1.56476549914 3.08689365771 -0.433987997018 1.56476549914
-7.17602528588 -0.819816260802 -1.06400385216 -7.17602528588 -0.819816260802 -1.06400385216
1.73388762154 0.988052536266 1.02749100306 1.73388762154 0.988052536266 1.02749100306
-2.00683145817 -0.540816911199 2.1889267189 -1.68571047505 -0.519484415541 2.16261054616
2.84162832951 -0.388792319552 3.36906386477 2.84162832951 -0.388792319552 3.36906386477
1.70426165187 0.566545713854 1.77466581209 1.70426165187 0.566545713854 1.77466581209
1.39772239319 -0.449517054947 -6.04252180039 1.39772239319 -0.449517054947 -6.04252180039
7.20765344746 -0.851312861938 0.359465282793 7.20765344746 -0.851312861938 0.359465282793
0.988098918049 -1.1213947835 0.57804686683 0.988098918049 -1.1213947835 0.57804686683
0.607372320781 -0.176147194731 -6.1755933029 0.607372320781 -0.176147194731 -6.1755933029
0.574942548482 0.629979841203 -5.79029145661 0.574942548482 0.629979841203 -5.79029145661
-0.242556189183 -0.192076463721 0.264881483718 -0.202028632582 -0.283591296605 0.387100264277
0.491057033397 -0.148228640983 -0.546004760196 0.693807435089 0.0533871175796 -0.661387377597
0.00750785541034 -0.515686528468 -0.32650304683 0.0423879896152 -0.483827786926 0.0894388069331
-1.5950488398 0.674781614128 -1.28535592901 -1.5950488398 0.674781614128 -1.28535592901
-1.82655569207 0.230875186909 -5.12748909315 -1.82655569207 0.230875186909 -5.12748909315
1.56296245687 -0.144635531963 1.29060535645 1.56296245687 -0.144635531963 1.29060535645
2.46394402615 -0.315169276879 1.34811464596 2.52618547664 -0.142193750858 1.66292888016
0.973498276984 0.322013275407 2.25082721418 0.973498276984 0.322013275407 2.25082721418
-6.07348899291 -0.451435507747 -2.55862528931 -6.07348899291 -0.451435507747 -2.55862528931
0.0510106521826 -0.331063831541 0.13890487132 0.175016200324 -0.240302238166 0.322787275355
-1.60448456277 -0.166624921577 2.76910709857 -1.60448456277 -0.166624921577 2.76910709857
4.09705317871 0.362369542436 -5.40299933854 4.09705317871 0.362369542436 -5.40299933854
0.660648100979 0.275971852771 -1.64393162681 0.660648100979 0.275971852771 -1.64393162681
1.31343755731 0.0212167052829 3.74846376839 1.31343755731 0.0212167052829 3.74846376839
0.326794240843 0.37718722988 1.12206605941 0.326794240843 0.37718722988 1.12206605941
0.113277227093 0.330883436547 0.0883565206927 0.189206586695 0.330387682064 0.242458373775
-1.90378312339 -0.369298171313 3.44104986545 -1.90378312339 -0.369298171313 3.44104986545
4.69490109526 0.253466260567 3.66511552448 4.69490109526 0.253466260567 3.66511552448
0.757262306818 -0.900670889267 -1.30523708661 0.757262306818 -0.900670889267 -1.30523708661
-3.89917756999 0.0586426985454 3.21945798629 -3.89917756999 0.0586426985454 3.21945798629
-1.94565047812 0.0371470072412 4.54532557355 -2.37334274013 -0.272009199398 4.60829119755
2.4253177729 -1.2336166867 -1.15722816711 2.4253177729 -1.2336166867 -1.15722816711
-1.33210638187 -0.138753994178 -2.23610607338 -1.33210638187 -0.138753994178 -2.23610607338
3.22581049801 0.21127981638 -3.57887543194 3.22581049801 0.21127981638 -3.57887543194
-0.863694078432 -0.12743517635 -0.60071843023 -0.965528216172 -0.250314708083 -0.812960925437
-0.613779544914 1.01448893151 3.88724796947 -0.613779544914 1.01448893151 3.88724796947
2.44041316578 0.759815905625 1.7761564789 2.44041316578 0.759815905625 1.7761564789
0.62540709164 -0.00713747984552 0.245237375564 0.627839701176 0.405867591838 0.240880352275
1.06724030848 0.669338415343 -1.37071036121 1.06724030848 0.669338415343 -1.37071036121
0.0208006977163 -0.499707091487 2.36845291023 0.0208006977163 -0.499707091487 2.36845291023
-1.80210399888 0.098175242121 -1.89654805028 -1.98068756602 0.0409458616605 -1.78120592489
5.24385370256 0.23229114626 -1.12794027351 5.24385370256 0.23229114626 -1.12794027351
0.197495112474 0.169844056206 0.6637140502 0.448888467087 -0.0104590913132 0.409388916377
0.180069389061 0.344354126445 1.15333564299 0.117259926548 0.124739132793 0.929863849369
-2.29222394863 -0.228779088092 -3.98790432424 -2.33719140856 0.186906450077 -4.01774036779
0.84134054034 0.216956926345 3.29041295061 0.84134054034 0.216956926345 3.29041295061
0.985825924309 0.26829255755 -1.83996740353 1.11112752072 0.664218750732 -2.20593121246
0.254980084745 0.135272091246 -0.443929583458 0.666362652545 0.243905814837 0.0784758865159
0.426549335674 -0.142626286056 -2.93911737933 0.773117907979 0.0503705738737 -2.71465239006
-0.539719569628 -0.307014218456 0.292541509772 -0.492196907607 0.107387263046 0.328778991388
4.15225029635 -0.703421749625 -2.7909007771 4.15225029635 -0.703421749625 -2.7909007771
-5.18679520552 -0.108709779439 5.81277094416 -5.18679520552 -0.108709779439 5.81277094416
1.77165988861 -0.170573206605 0.0599189704882 2.05024728056 -0.143949923522 -0.103462721315
-3.36479954524 -0.642820694875 -2.04967338708 -3.36479954524 -0.642820694875 -2.04967338708
-0.115850659766 0.529569557445 0.611963193228 0.0781838879796 0.363142426908 0.274889536125
0.87085015411 0.12825703437 0.487326812239 0.802631534453 0.280219232625 0.598419835515
-0.530282547162 0.237979278488 0.148173584656 -0.796882378199 0.367752182172 0.130835014362
5.18868247367 -0.242445649149 -3.34192148125 5.18868247367 -0.242445649149 -3.34192148125
0.912330042877 -0.778820970198 0.967229431776 0.912330042877 -0.778820970198 0.967229431776
-1.32806514759 -0.757899164859 -2.00230076867 -1.32806514759 -0.757899164859 -2.00230076867
1.98956375636 0.500658415498 10.0910105349 1.98956375636 0.500658415498 10.0910105349
-0.480453771546 0.706201165756 -2.28126703075 -0.480453771546 0.706201165756 -2.28126703075
-0.153073316524 0.158348344246 -1.98982818172 -0.153073316524 0.158348344246 -1.98982818172
-1.49314410217 -0.574577015068 -0.19795580889 -2.09025400804 -0.853244372636 -0.367589537094
-2.84415102363 0.0765895365864 1.10744026127 -2.84415102363 0.0765895365864 1.10744026127
6.0448887553 -0.485982828999 -3.15915821856 6.0448887553 -0.485982828999 -3.15915821856
1.42217797338 -0.687962415575 -1.81327318017 1.42217797338 -0.687962415575 -1.81327318017
0.154489832422 0.604311816631 -0.247747531067 -0.0272095992354 0.834440627659 -0.262135248351
-0.112417049302 0.306615400941 -1.78063188584 -0.112417049302 0.306615400941 -1.78063188584
-2.45662971615 -0.233525269327 -0.224882570995 -2.45662971615 -0.233525269327 -0.224882570995
1.05190125661 0.26011196245 -2.0526726509 1.05190125661 0.26011196245 -2.0526726509
1.02169889493 -0.283551741558 -0.175707606105 1.39105864642 -0.247937944967 0.247520952447
3.37206905353 0.582756824849 -4.85090581328 3.37206905353 0.582756824849 -4.85090581328
-3.39216779375 0.613087327898 -2.54680556525 -3.39216779375 0.613087327898 -2.54680556525
0.701339882745 -0.283202893099 0.195964643456 0.62540709164 -0.00713747984552 0.245237375564
2.68271672527 -0.649296360954 -0.133854057616 2.59849128939 -0.275382207259 -0.299558181967
-1.08536902853 -0.0581354288772 0.482969757602 -1.08536902853 -0.0581354288772 0.482969757602
0.432859758588 -0.153349511159 2.32444954841 0.432859758588 -0.153349511159 2.32444954841
2.33536595042 0.148290919318 0.459298342358 2.33536595042 0.148290919318 0.459298342358
0.0423879896152 -0.483827786926 0.0894388069331 0.00750785541034 -0.515686528468 -0.32650304683
0.411292959518 -0.268606069704 -0.321021024492 0.406395876404 -0.282373799259 0.151954963564
-5.17148119922 0.510552014357 -1.80229143862 -5.17148119922 0.510552014357 -1.80229143862
-0.22762055619 -0.0567293533237 0.0771265996325 -0.217044618461 0.0670434139288 -0.270287274547
1.34629356193 -0.719430639067 2.45472751599 1.34629356193 -0.719430639067 2.45472751599
-1.12983088058 -0.128516039886 0.17680806414 -1.12983088058 -0.128516039886 0.17680806414
0.391987527444 -0.68968153913 -0.479484124602 0.254980084745 0.135272091246 -0.443929583458
-4.35606365242 0.364247230987 -2.59815638166 -4.53555270998 0.591938125951 -2.78409813489
-0.151788726942 0.418170481647 -0.0957681894499 -0.0458381568572 -0.33370843794 -0.221279352358
1.11782270136 -0.740028660376 0.233442049292 1.16377560216 -0.138189378774 0.492186915867
1.00003659417 -1.47349564068 -2.69192266101 1.00003659417 -1.47349564068 -2.69192266101
-2.09732139158 -0.440237297908 -1.20655135517 -1.89936504039 -0.230630674984 -0.960140830731
0.773117907979 0.0503705738737 -2.71465239006 0.755537167125 -0.416739347443 -2.72929178606
-1.07718710873 -0.0108283302982 2.03926494223 -1.07718710873 -0.0108283302982 2.03926494223
1.11415267233 -1.02688574422 3.21383785613 1.11415267233 -1.02688574422 3.21383785613
0.339274329806 0.511582198038 0.257137187084 0.121773037556 0.458520860195 -0.0924381320921
3.58571162708 0.104959371798 -0.608262501681 3.58571162708 0.104959371798 -0.608262501681
-9.49120542537 0.193033307054 0.268258503367 -9.49120542537 0.193033307054 0.268258503367
0.265063716656 0.0470855311775 -0.233632675747 -0.00347564234652 0.248999134908 0.251098019169
-0.413163717398 0.177120785613 0.824305861088 0.100132705152 0.384468166124 0.827544958298
-1.12423560451 -0.75889980041 2.91667912853 -1.12423560451 -0.75889980041 2.91667912853
0.278863832698 0.335971439376 -3.82070847182 0.278863832698 0.335971439376 -3.82070847182
-1.43427962211 -0.376724092588 -0.719664007003 -1.43427962211 -0.376724092588 -0.719664007003
0.148639052199 -0.109663851672 0.425353932079 0.897978300211 0.17003927164 0.400999739983
0.264933020019 0.279067959544 0.161025153655 0.87085015411 0.12825703437 0.487326812239
-0.329544456355 -0.1675142841 -0.262457937348 -0.175418635342 0.305761572329 0.103865233841
-0.10450066323 -1.02378323892 -1.22096803844 -0.10450066323 -1.02378323892 -1.22096803844
-0.0195278720033 0.680221958621 3.47782441428 -0.0195278720033 0.680221958621 3.47782441428
1.2144710243 0.828059451259 3.30422591552 1.2144710243 0.828059451259 3.30422591552
0.206212958613 0.547362592438 -0.636723674912 0.774276206183 -0.0651822749699 -0.851306920641
3.66297597922 -0.287339279206 -1.79467238684 3.66297597922 -0.287339279206 -1.79467238684
-0.160474796473 -0.0218066064296 0.889858065352 0.00278108601571 -0.455300573838 0.627744128408
0.80339087301 -0.155924485683 -3.06935975432 0.80339087301 -0.155924485683 -3.06935975432
-5.35836773322 1.0105603751 -1.79864052286 -5.35836773322 1.0105603751 -1.79864052286
1.60121257303 1.06021059056 3.6088491487 1.60121257303 1.06021059056 3.6088491487
-1.78622160689 0.269066014963 1.1692449801 -1.78622160689 0.269066014963 1.1692449801
6.62491620254 -0.00117914014484 -3.66508177164 6.62491620254 -0.00117914014484 -3.66508177164
1.62701202254 1.29789219759 -4.54890225107 1.62701202254 1.29789219759 -4.54890225107
0.0254195681384 0.263871865746 0.112668980937 0.154489832422 0.604311816631 -0.247747531067
0.298651444343 0.290695425125 0.383434607663 0.286712579352 0.00105484508497 0.0140627707286
2.37975396603 -0.799235172518 5.00950511551 2.37975396603 -0.799235172518 5.00950511551
0.676374036881 -0.155236628036 0.162506134481 0.676374036881 -0.155236628036 0.162506134481
-2.92429119256 -0.0489910569727 1.96440329489 -2.92429119256 -0.0489910569727 1.96440329489
1.48157831555 0.508423515287 0.140925549481 1.48157831555 0.508423515287 0.140925549481
0.0584078963504 -0.0279627400502 -0.994889920367 0.0584078963504 -0.0279627400502 -0.994889920367
-5.46702447231 0.162415238712 -1.06636903993 -5.46702447231 0.162415238712 -1.06636903993
1.39105864642 -0.247937944967 0.247520952447 1.02169889493 -0.283551741558 -0.175707606105
2.67509160002 -0.607821613205 -2.75832759059 2.67509160002 -0.607821613205 -2.75832759059
-0.63099039536 -0.845661864841 2.48632822254 -0.63099039536 -0.845661864841 2.48632822254
4.10892547525 1.37473962792 7.25263649724 4.10892547525 1.37473962792 7.25263649724
1.94992040486 -0.705490756349 -2.70876732857 1.94992040486 -0.705490756349 -2.70876732857
0.30057595715 -0.274716741323 -0.117019895305 0.275067818515 -0.117953884179 -0.49530376156
4.94612691557 -0.170741421866 -7.12068110518 4.94612691557 -0.170741421866 -7.12068110518
2.65430098752 -0.992821738823 -1.21963224415 2.65430098752 -0.992821738823 -1.21963224415
2.26006426195 -0.65245035529 -2.38303392943 2.26006426195 -0.65245035529 -2.38303392943
-5.01725297823 0.455356808342 -5.95535233379 -5.01725297823 0.455356808342 -5.95535233379
0.542649886821 0.509067166494 -0.522935789331 0.655408857791 0.150928233992 5.0384404865e-05
0.304957453515 0.417971785807 1.21164532715 0.180069389061 0.344354126445 1.15333564299
-0.626119869496 0.438407795707 0.779784334285 -0.210280842369 0.671567271605 0.100873827306
2.01470040449 0.240851316229 1.41869429269 2.01470040449 0.240851316229 1.41869429269
5.07231127088 -0.719224336573 -1.15562268161 5.20666731772 -0.696964556058 -0.990615179706
-0.074326147217 -0.144974933503 0.6573291572 0.222766992887 -0.174812375417 0.089863098544
2.63614037775 -0.381695774553 -0.112366767814 2.68271672527 -0.649296360954 -0.133854057616
-3.30752859002 -0.5360240487 0.628603356187 -3.30752859002 -0.5360240487 0.628603356187
4.80505312778 0.445106666208 3.1557311762 4.80505312778 0.445106666208 3.1557311762
2.84966177091 0.23027710852 3.0701259309 2.84966177091 0.23027710852 3.0701259309
-1.11304622499 -0.232155027619 1.87512291652 -0.766475084445 -0.153829693739 1.6335242366
4.11894853165 0.610683318172 -2.7536220948 4.11894853165 0.610683318172 -2.7536220948
3.81340264663 0.803896393716 -1.62011142114 3.81340264663 0.803896393716 -1.62011142114
-2.37334274013 -0.272009199398 4.60829119755 -2.42403902554 -0.172833120036 4.63480131006
1.11112752072 0.664218750732 -2.20593121246 0.985825924309 0.26829255755 -1.83996740353
-0.00690792780423 -0.4793625842 -2.54469315071 -0.00690792780423 -0.4793625842 -2.54469315071
2.81350567515 -1.59935205894 -1.73965207987 2.81350567515 -1.59935205894 -1.73965207987
-4.96699185957 0.320806785224 4.65976917798 -4.96699185957 0.320806785224 4.65976917798
0.0895712428915 0.21948839572 -4.44961903134 0.117387411637 0.186762741537 -5.00057791607
-1.69035100864 0.10613573524 0.256815685211 -1.69035100864 0.10613573524 0.256815685211
-0.870057721538 1.48691001608 -1.65467265272 -0.870057721538 1.48691001608 -1.65467265272
-0.704824429839 0.0557359993524 0.408601356567 -0.375338855572 0.00231804509994 0.13675697023
-0.475855991404 -0.517385206801 5.09828563725 -0.475855991404 -0.517385206801 5.09828563725
0.0778579753654 0.121875388226 0.0577058611731 -0.452716218829 0.119082014423 0.297593918495
0.59238102958 -0.126117426481 -0.00647029188197 0.951393962079 -0.35896993233 -0.474181749528
1.20833710545 0.284688133268 1.7405646964 1.20833710545 0.284688133268 1.7405646964
-0.965528216172 -0.250314708083 -0.812960925437 -0.793184421708 -0.451014250351 -0.719352389934
1.6238651194 -0.281877720177 2.06589686555 1.6238651194 -0.281877720177 2.06589686555
-0.050778597454 -0.555950371779 -0.8139312211 0.246027087996 -0.11554627874 -0.903630293821
-0.93103075026 -0.506649482641 0.104290753585 -0.196874853195 -0.280607749274 -0.00737761742211
0.0363926508199 -0.512922168048 2.66875296985 0.0363926508199 -0.512922168048 2.66875296985
-1.48303823466 -0.651038546448 1.46719893825 -1.48303823466 -0.651038546448 1.46719893825
-1.75737351842 0.291675428058 -5.31764092634 -1.75737351842 0.291675428058 -5.31764092634
1.02493496049 0.456015144133 4.72681627169 1.02493496049 0.456015144133 4.72681627169
-2.06952521284 -0.0047868827721 -3.01287625853 -2.06952521284 -0.0047868827721 -3.01287625853
0.736981933575 -0.203185400161 -0.340353527647 0.402713653327 0.175999665587 -0.922830562486
1.62687043243 -0.228924759895 1.09090635151 1.62687043243 -0.228924759895 1.09090635151
-5.14149890472 -1.41116140144 1.08038926692 -5.14149890472 -1.41116140144 1.08038926692
-3.29256437812 1.00244758243 -3.8804001326 -3.29256437812 1.00244758243 -3.8804001326
-2.68521809355 -0.542058190718 5.33011677948 -2.68521809355 -0.542058190718 5.33011677948
5.58104241545 0.835607694646 -4.06701134685 5.58104241545 0.835607694646 -4.06701134685
-3.27073490752 -0.0730802208779 0.973012949401 -3.27073490752 -0.0730802208779 0.973012949401
3.75679667416 -0.0107006982024 -3.14329349745 3.75679667416 -0.0107006982024 -3.14329349745
-2.62235089167 -0.5066291449 3.29203913246 -2.62235089167 -0.5066291449 3.29203913246
4.8561223941 0.89466640633 -0.563538069303 4.8561223941 0.89466640633 -0.563538069303
0.117387411637 0.186762741537 -5.00057791607 0.0895712428915 0.21948839572 -4.44961903134
-3.80758521701 0.685595343018 0.0256442118364 -3.98221041945 0.820471597243 0.253158598386
-1.5863328844 -0.480070461108 2.46269691889 -1.48451585987 -0.00709253277008 2.08404581629
-0.40588920975 -0.578862983924 6.49201503488 -0.40588920975 -0.578862983924 6.49201503488
-0.0319912349229 -0.496814380167 1.64199755468 -0.0319912349229 -0.496814380167 1.64199755468
0.086512267706 -0.216226368243 2.84942737316 0.086512267706 -0.216226368243 2.84942737316
2.03742155473 -0.0467392841998 0.980452968851 2.03742155473 -0.0467392841998 0.980452968851
4.43183363776 0.00532921289771 -0.811880546551 4.32108633543 -0.140125794162 -0.822950586412
-0.766475084445 -0.153829693739 1.6335242366 -0.663136297906 0.0886745405656 1.62406540043
3.50919798791 -0.0498692080996 2.03794763552 3.50919798791 -0.0498692080996 2.03794763552
0.0781838879796 0.363142426908 0.274889536125 -0.115850659766 0.529569557445 0.611963193228
-4.14334344465 -0.00171088535281 0.468550537001 -4.14334344465 -0.00171088535281 0.468550537001
-2.5297241598 -0.417403769578 -3.32353417439 -2.5297241598 -0.417403769578 -3.32353417439
-0.625949654828 0.328283110838 0.321261105061 -0.693818884343 -0.116702820753 0.47487979891
4.06474958337 1.02093139894 -3.06678820986 4.06474958337 1.02093139894 -3.06678820986
0.774276206183 -0.0651822749699 -0.851306920641 0.18471518715 -0.152875865152 -0.398323007945
-0.686014060105 0.146911165194 0.256023230825 -0.413163717398 0.177120785613 0.824305861088
-0.837016055648 -0.0435845301532 -1.32005044026 -0.837016055648 -0.0435845301532 -1.32005044026
0.815439679018 -0.115265707979 0.989549827556 0.815439679018 -0.115265707979 0.989549827556
9.04955023446 -0.115956280164 -2.3269551905 9.04955023446 -0.115956280164 -2.3269551905
0.122666489788 -0.119042556427 0.445233757911 0.110742403638 -0.0371988750994 0.621290502085
1.61864989098 -0.13477762587 2.69599597389 1.61864989098 -0.13477762587 2.69599597389
-0.318653591095 -0.399274012856 0.0842787931286 -0.93103075026 -0.506649482641 0.104290753585
-1.89936504039 -0.230630674984 -0.960140830731 -2.15751440397 -0.0476557918375 -1.18332824808
0.189206586695 0.330387682064 0.242458373775 0.0159432004786 -0.188106988599 -0.0756248874054
0.27705308118 0.126212968421 -0.494225921459 0.404392257212 0.234345513811 -0.0316366806715
0.00167480699468 -0.148359801104 -1.57804806819 0.00167480699468 -0.148359801104 -1.57804806819
2.38439999451 -0.600490284088 -0.0948495762744 2.63614037775 -0.381695774553 -0.112366767814
-5.0899069219 1.87488362384 -2.9183545164 -5.0899069219 1.87488362384 -2.9183545164
-0.775175999176 1.63380995762 -3.1032519264 -0.775175999176 1.63380995762 -3.1032519264
6.36097505242 -0.28635221352 -0.405123042583 6.36097505242 -0.28635221352 -0.405123042583
-2.65375534029 -0.132145217052 2.59041074212 -2.65375534029 -0.132145217052 2.59041074212
-0.0614673015579 0.894503402394 4.6507730218 -0.0614673015579 0.894503402394 4.6507730218
-1.33328806988 0.0172219267732 1.45722847358 -1.33328806988 0.0172219267732 1.45722847358
0.135911715144 0.121663540099 0.315188680792 -0.318653591095 -0.399274012856 0.0842787931286
-5.17202419807 0.275517796903 7.54553686938 -5.17202419807 0.275517796903 7.54553686938
0.402713653327 0.175999665587 -0.922830562486 0.358061202656 0.253729318685 -1.06419950869
0.00278108601571 -0.455300573838 0.627744128408 -0.294287332416 -0.43569989703 0.297231448658
0.918429844198 0.725771485739 6.66044710345 0.918429844198 0.725771485739 6.66044710345
-2.15751440397 -0.0476557918375 -1.18332824808 -2.19892481935 -0.290464139605 -0.900573684213
5.51576522713 1.54791528837 -0.187930939739 5.51576522713 1.54791528837 -0.187930939739
2.02713260629 0.555156709132 5.63510921622 2.02713260629 0.555156709132 5.63510921622
2.24656190293 -0.334898705435 -6.36239396478 2.24656190293 -0.334898705435 -6.36239396478
0.897978300211 0.17003927164 0.400999739983 0.59352111065 -0.0480136484823 -0.179974614868
0.742361588722 0.478098296287 -0.754635005894 0.742361588722 0.478098296287 -0.754635005894
0.146755963926 0.394948505071 -0.861478866113 0.206212958613 0.547362592438 -0.636723674912
2.52618547664 -0.142193750858 1.66292888016 2.46394402615 -0.315169276879 1.34811464596
2.29609114884 0.332730201039 6.07412858765 2.29609114884 0.332730201039 6.07412858765
-2.23134318158 0.163452999966 -1.99891415283 -2.23134318158 0.163452999966 -1.99891415283
5.20666731772 -0.696964556058 -0.990615179706 5.07231127088 -0.719224336573 -1.15562268161
-0.793184421708 -0.451014250351 -0.719352389934 -0.641795442395 -0.352166557081 -0.906675797197
1.39984481371 0.477291532949 8.05120676108 1.39984481371 0.477291532949 8.05120676108
1.32249467341 -0.432485186323 0.515257100732 1.32249467341 -0.432485186323 0.515257100732
-0.176140398218 -1.17960688697 1.23722500922 -0.176140398218 -1.17960688697 1.23722500922
0.666362652545 0.243905814837 0.0784758865159 0.500333247236 -0.0881832117226 -0.26405137137
1.77373786995 0.394338192184 0.649038814175 1.77373786995 0.394338192184 0.649038814175
-0.317831246838 0.0493365391407 0.0109111498352 -0.329544456355 -0.1675142841 -0.262457937348
0.144257418934 0.317251091085 0.699076926036 -0.626119869496 0.438407795707 0.779784334285
