-1.11598962986 -0.392714836703 -0.735574684281 -1.33442634417 0.200448259384 -0.884545213994
-0.583344969425 1.15821942375 -1.4174576263 -0.931794383853 1.69221189707 -1.49129456552
-1.40372627087 0.432012512231 1.4691117433 -1.40372627087 0.432012512231 1.4691117433
2.36669794882 0.200138429173 -0.519209770111 1.90630550062 0.641443921657 -0.340450243253
1.95839471965 2.5520712287 -0.243578979981 1.95839471965 2.5520712287 -0.243578979981
-0.668418839146 1.00709197784 -0.352340039743 -0.82808732131 0.335164928631 0.265110477928
-1.73056039295 -4.18133784025 -0.7972706016 -1.73056039295 -4.18133784025 -0.7972706016
2.09726948017 -3.90694883674 -2.3479124008 2.09726948017 -3.90694883674 -2.3479124008
-0.632496210304 0.375683697356 0.15814817689 0.391122178786 0.375042924486 0.960799277934
-1.0461126653 -1.02002231321 1.21203416608 -1.0461126653 -1.02002231321 1.21203416608
0.346124472824 -1.29097156826 0.0486445473943 0.0153677918532 -1.66446784902 0.205580152097
-0.197269888036 -0.649713815251 3.09908313977 -0.197269888036 -0.649713815251 3.09908313977
1.02874127799 3.88402408494 -1.78004008874 1.02874127799 3.88402408494 -1.78004008874
3.34711928591 1.88463967921 1.84452640097 3.34711928591 1.88463967921 1.84452640097
-0.801015257501 -2.62151383617 -2.12411680702 -0.801015257501 -2.62151383617 -2.12411680702
-1.1542027348 -1.48950826268 1.62300636721 -1.1542027348 -1.48950826268 1.62300636721
0.0728848570084 0.638224049665 -0.225308891568 0.0728848570084 0.638224049665 -0.225308891568
-2.28764813261 0.792317191435 0.66662872981 -2.28764813261 0.792317191435 0.66662872981
-0.0864241034421 0.340382524099 -0.334741821492 -0.225571972418 -0.0701835068754 -0.400183554175
-0.931794383853 1.69221189707 -1.49129456552 -0.583344969425 1.15821942375 -1.4174576263
-0.397818060201 -2.40226349745 1.18433504298 -0.397818060201 -2.40226349745 1.18433504298
-4.71307409667 -4.49987877638 -2.10956372504 -4.71307409667 -4.49987877638 -2.10956372504
-1.95947632345 -1.50767692881 -1.82917044805 -1.95947632345 -1.50767692881 -1.82917044805
-0.82808732131 0.335164928631 0.265110477928 -0.868707723895 -0.704513011775 0.0504135530632
0.504491737436 -1.85376769574 -1.43832898169 0.504491737436 -1.85376769574 -1.43832898169
-0.225571972418 -0.0701835068754 -0.400183554175 -0.135728047333 0.0176858678303 -0.261166101713
0.313843205343 2.78028514195 -1.73463696818 0.313843205343 2.78028514195 -1.73463696818
0.151092568293 -0.858568490465 2.5707690964 0.151092568293 -0.858568490465 2.5707690964
-1.32007016862 -0.217070052212 -0.941985021149 -1.32007016862 -0.217070052212 -0.941985021149
-2.83123027023 -4.03923582328 -1.64557975518 -2.83123027023 -4.03923582328 -1.64557975518
-1.83019908852 2.27486875858 1.8709483225 -1.83019908852 2.27486875858 1.8709483225
1.78873621826 -3.4102620245 -1.02335164067 1.86475121946 -3.44846920348 -1.39553718231
0.626654037793 -2.08856123089 -0.451765390094 0.626654037793 -2.08856123089 -0.451765390094
-0.192455134777 0.136345913187 -0.834631997774 -1.02503028018 0.617989655141 -0.517340942685
-0.470470041282 3.04573570571 3.00638021516 -0.470470041282 3.04573570571 3.00638021516
-0.628459524513 -2.1026544673 -5.1779770703 -0.628459524513 -2.1026544673 -5.1779770703
0.626776505566 0.129966419984 0.478997181575 0.534827177043 -0.469213462167 0.645242125713
0.419630014737 -2.97029556541 1.77841323717 0.419630014737 -2.97029556541 1.77841323717
1.57886535436 -2.14646918473 -1.14662090999 1.57886535436 -2.14646918473 -1.14662090999
-1.61281102848 -1.03239186493 1.77571504417 -1.43127603893 -0.788542147113 1.45968841756
-0.907939923572 1.38798244767 -0.586900708371 -0.781467263299 1.04633756903 0.206765299889
-0.501176535932 -0.225234352359 -0.136945860771 -1.09666163796 -0.234496568498 0.401672227388
-2.96474303753 1.91943515162 0.643325223745 -2.96474303753 1.91943515162 0.643325223745
1.48514544474 3.30244195293 1.0095131444 1.48514544474 3.30244195293 1.0095131444
-1.82432783113 -0.617899574168 2.29288705758 -1.82432783113 -0.617899574168 2.29288705758
-0.306381164495 0.187278002505 -0.735375608428 -0.907939923572 1.38798244767 -0.586900708371
-1.32096627094 0.117403724483 0.917163506583 -1.32096627094 0.117403724483 0.917163506583
-0.534376543751 -2.92248353051 0.423127407924 -0.534376543751 -2.92248353051 0.423127407924
-1.48909154521 -2.12063115677 -2.28726982875 -1.48909154521 -2.12063115677 -2.28726982875
-1.5439680381 3.06271193506 -0.775326342104 -1.5439680381 3.06271193506 -0.775326342104
0.714810715977 0.297166389004 -4.0908701485 0.714810715977 0.297166389004 -4.0908701485
-0.781467263299 1.04633756903 0.206765299889 -0.0864241034421 0.340382524099 -0.334741821492
2.01177333781 -0.431540353542 -1.14265545969 2.01177333781 -0.431540353542 -1.14265545969
0.274188550376 4.74018047855 0.853463994882 0.274188550376 4.74018047855 0.853463994882
-1.02531826084 -2.68744501114 -1.51867497715 -1.02531826084 -2.68744501114 -1.51867497715
-0.868707723895 -0.704513011775 0.0504135530632 -0.815883661556 -0.601002980042 -0.188389182018
0.632026582115 -0.15446533724 1.19543962487 0.632026582115 -0.15446533724 1.19543962487
0.845898589249 0.381704467241 1.62335168825 0.959460170898 0.211313259613 1.13849704531
0.385597148203 1.25303629166 -0.0347261717904 0.385597148203 1.25303629166 -0.0347261717904
0.794897149881 -1.74738349321 1.79338469848 0.794897149881 -1.74738349321 1.79338469848
-1.8980521762 1.87091095847 0.847012329971 -1.8980521762 1.87091095847 0.847012329971
-1.33442634417 0.200448259384 -0.884545213994 -0.736758652475 0.464182627982 -0.774693988069
2.65585575268 0.280468367091 -1.98525878742 2.65585575268 0.280468367091 -1.98525878742
0.844990418205 -2.00019317819 -1.27584853685 0.844990418205 -2.00019317819 -1.27584853685
2.77181060384 -0.765945763815 1.16734545862 2.77181060384 -0.765945763815 1.16734545862
0.211163446442 -4.56218871891 2.22389292202 0.211163446442 -4.56218871891 2.22389292202
-2.18618942437 1.22448261021 1.51878618046 -2.18618942437 1.22448261021 1.51878618046
-0.121585542085 2.45741658787 3.20711410961 -0.121585542085 2.45741658787 3.20711410961
-0.647647338099 1.33650342334 -2.65396333248 -0.647647338099 1.33650342334 -2.65396333248
-1.02353664934 -3.53021320085 -0.507321835302 -1.02353664934 -3.53021320085 -0.507321835302
-0.0595859178548 -0.567902475008 -0.251136934807 -0.0595859178548 -0.567902475008 -0.251136934807
1.90642731893 -2.37374369387 0.0928697089789 1.90642731893 -2.37374369387 0.0928697089789
-2.67272614406 0.383358852602 1.35624222985 -2.67272614406 0.383358852602 1.35624222985
-0.815883661556 -0.601002980042 -0.188389182018 -0.583467767246 -0.801746353829 0.449236379397
1.86475121946 -3.44846920348 -1.39553718231 1.78873621826 -3.4102620245 -1.02335164067
-0.736758652475 0.464182627982 -0.774693988069 -0.306381164495 0.187278002505 -0.735375608428
1.20610606773 -0.763420096465 -4.4558591805 1.20610606773 -0.763420096465 -4.4558591805
3.35574250614 -3.33109815978 1.52525494079 3.35574250614 -3.33109815978 1.52525494079
-0.583467767246 -0.801746353829 0.449236379397 -0.501176535932 -0.225234352359 -0.136945860771
-0.769228615568 1.39010937237 -0.150360636907 -0.769228615568 1.39010937237 -0.150360636907
3.4511709822 -2.04790964841 -0.81265783643 3.4511709822 -2.04790964841 -0.81265783643
2.77762798403 1.08657268641 -1.75543575447 2.77762798403 1.08657268641 -1.75543575447
-0.542880641641 1.01183498719 0.0688445138277 -0.542880641641 1.01183498719 0.0688445138277
-2.23696145726 1.12327603273 2.13884741814 -2.23696145726 1.12327603273 2.13884741814
-0.244097108582 0.0591957194916 -0.280432955165 -0.244097108582 0.0591957194916 -0.280432955165
-0.579893627723 0.373771307716 -0.000308780611507 -1.11598962986 -0.392714836703 -0.735574684281
-1.66264124318 -0.279811156594 -0.114193661147 -1.66264124318 -0.279811156594 -0.114193661147
-0.172592096216 1.1730691731 -0.160004468912 0.290810525652 1.58210474175 -0.0603966553292
0.477770424903 0.337615265046 0.826409136496 0.626776505566 0.129966419984 0.478997181575
0.959460170898 0.211313259613 1.13849704531 0.845898589249 0.381704467241 1.62335168825
-0.669967177171 -2.45189160953 -1.54810329707 -0.669967177171 -2.45189160953 -1.54810329707
-2.84217566764 1.08073217317 2.12105807433 -2.84217566764 1.08073217317 2.12105807433
2.36053066913 -1.53345347035 1.64109906777 2.36053066913 -1.53345347035 1.64109906777
-1.27175665468 -0.72223054836 -0.179394823399 -1.04221535665 0.0467809100292 0.507364528928
2.26840324089 1.72235771866 0.490893259138 2.26840324089 1.72235771866 0.490893259138
-2.10336703436 2.35412758221 0.039884341753 -2.10336703436 2.35412758221 0.039884341753
-0.103661955909 1.65132879096 0.855174988567 -0.103661955909 1.65132879096 0.855174988567
0.439257619787 -1.30406641297 0.552303588522 0.346124472824 -1.29097156826 0.0486445473943
0.994237562118 -0.409697093378 -1.76629074876 0.994237562118 -0.409697093378 -1.76629074876
-2.63580341981 0.193523875285 -0.784186509693 -2.63580341981 0.193523875285 -0.784186509693
-0.127621908024 -0.845704846919 2.11860309983 -0.127621908024 -0.845704846919 2.11860309983
-1.70763151631 -1.42673243865 0.999149922678 -1.70763151631 -1.42673243865 0.999149922678
-0.886020893217 -3.28285607883 1.90135658859 -0.886020893217 -3.28285607883 1.90135658859
0.0153677918532 -1.66446784902 0.205580152097 0.439257619787 -1.30406641297 0.552303588522
2.17534229043 -2.47748564866 -1.4624521217 2.17534229043 -2.47748564866 -1.4624521217
0.391122178786 0.375042924486 0.960799277934 -0.632496210304 0.375683697356 0.15814817689
4.01196250017 0.761001969019 0.965944169366 4.01196250017 0.761001969019 0.965944169366
0.290810525652 1.58210474175 -0.0603966553292 -0.172592096216 1.1730691731 -0.160004468912
-0.0774654920373 -1.86982349604 -4.72954468374 -0.0774654920373 -1.86982349604 -4.72954468374
4.70738939132 1.35902976856 -1.38669804015 4.70738939132 1.35902976856 -1.38669804015
0.534827177043 -0.469213462167 0.645242125713 0.477770424903 0.337615265046 0.826409136496
1.58790731558 0.531054172163 0.020492108152 1.58790731558 0.531054172163 0.020492108152
1.23913983281 2.13352821463 -3.9079287926 1.23913983281 2.13352821463 -3.9079287926
0.754320146325 -0.87225953636 -1.12083227879 0.754320146325 -0.87225953636 -1.12083227879
-3.11456103392 -2.81252497556 -1.68352709365 -3.11456103392 -2.81252497556 -1.68352709365
0.343293123855 -1.65539723072 -0.122262989536 0.343293123855 -1.65539723072 -0.122262989536
1.90630550062 0.641443921657 -0.340450243253 2.36669794882 0.200138429173 -0.519209770111
-1.02503028018 0.617989655141 -0.517340942685 -0.668418839146 1.00709197784 -0.352340039743
-0.801415793625 -1.17094599811 -0.764204148157 -0.801415793625 -1.17094599811 -0.764204148157
2.60403822086 0.192197489126 2.89462207213 2.60403822086 0.192197489126 2.89462207213
-1.43127603893 -0.788542147113 1.45968841756 -1.61281102848 -1.03239186493 1.77571504417
2.9073594447 -1.98662122161 -1.10600804379 2.9073594447 -1.98662122161 -1.10600804379
0.89780216779 0.758248666065 0.83888011098 0.89780216779 0.758248666065 0.83888011098
-1.09666163796 -0.234496568498 0.401672227388 -1.27175665468 -0.72223054836 -0.179394823399
3.09488495167 1.14469656512 0.413810517605 3.09488495167 1.14469656512 0.413810517605
-0.135728047333 0.0176858678303 -0.261166101713 -0.192455134777 0.136345913187 -0.834631997774
-1.04221535665 0.0467809100292 0.507364528928 -0.579893627723 0.373771307716 -0.000308780611507
-1.93947487727 -2.04669305511 -0.0831280295502 -1.93947487727 -2.04669305511 -0.0831280295502
