2.43506116081 3.21164763034 1.01909470805 2.43506116081 3.21164763034 1.01909470805
-1.33674901681 -0.523538374772 0.615422165803 -1.33674901681 -0.523538374772 0.615422165803
0.162932180842 0.716607543625 0.0647660450512 0.233120772111 0.0396167866455 -0.320640391749
-0.37540009151 0.217032798195 -0.57162663159 -0.283539848971 0.0450585283575 -0.549820178919
0.531674523201 3.28672780172 0.271678902943 0.531674523201 3.28672780172 0.271678902943
-3.9431807459 3.14848688431 -1.90702786681 -3.9431807459 3.14848688431 -1.90702786681
0.822851193326 -3.41926076738 2.79482057266 0.822851193326 -3.41926076738 2.79482057266
-0.875998523907 0.220607060657 -0.275686343531 -0.373990896421 0.31234909544 -0.315423294924
0.843363811701 -1.05405095374 -2.56747718519 1.66874673139 -0.891737324933 -1.89310927375
-2.09208226241 0.981626169182 -3.40947023945 -2.09208226241 0.981626169182 -3.40947023945
-0.236580031182 0.239308908715 0.0995419985437 -0.875998523907 0.220607060657 -0.275686343531
3.04650015169 2.67138773472 2.33287632637 3.04650015169 2.67138773472 2.33287632637
2.30608579189 -0.219997673227 0.380425270447 2.30608579189 -0.219997673227 0.380425270447
-1.01529546994 -3.88503942187 -0.769274204276 -1.26194917101 -3.60140013301 -0.466952011675
2.47891416962 1.51799427716 -0.506786740107 2.47891416962 1.51799427716 -0.506786740107
0.0932765066382 -1.08955607667 -1.74896465841 -0.0253692607024 -1.52443917062 -1.5096239802
1.34921847206 0.955080309968 -2.83520929201 1.34921847206 0.955080309968 -2.83520929201
-0.000949239155345 0.781739155932 2.52375654293 -0.000949239155345 0.781739155932 2.52375654293
-0.491988548131 -2.37994149591 0.993669874579 -0.491988548131 -2.37994149591 0.993669874579
-1.26194917101 -3.60140013301 -0.466952011675 -1.01529546994 -3.88503942187 -0.769274204276
-1.80038322864 -2.05474412538 -1.27557033821 -1.80038322864 -2.05474412538 -1.27557033821
-2.04605947389 -0.14369812786 4.65772525636 -2.04605947389 -0.14369812786 4.65772525636
0.0970081359189 3.2642639391 -2.94920213365 0.0970081359189 3.2642639391 -2.94920213365
-1.25368780237 3.26898663875 0.374531166695 -1.03733872725 3.36272916711 -0.0873185336543
-0.930634637282 -2.56602325924 0.337283140237 -0.930634637282 -2.56602325924 0.337283140237
2.51838139033 5.81325574607 0.536585423533 2.51838139033 5.81325574607 0.536585423533
-3.80993986264 0.359144123352 3.20343048584 -3.80993986264 0.359144123352 3.20343048584
1.33604318073 -2.37173882056 0.727612975705 1.45201289194 -2.66119539981 0.158238426343
2.58419309859 -1.10792789266 -1.42521034292 2.31782071959 -1.080013654 -1.18832565638
-2.38617007358 -0.294948892672 1.26262652525 -2.38617007358 -0.294948892672 1.26262652525
-2.48826212721 0.51831108672 -0.460399305258 -2.48826212721 0.51831108672 -0.460399305258
1.08152718748 0.677906411763 -0.368746583975 0.885069118216 0.442914630211 -0.0594493294468
-0.0346672965397 -0.904390301863 -1.94687977098 -0.0404572689407 -1.33231708825 -2.21466299093
-3.43550996018 0.160027500817 -0.951826867191 -3.58935017358 0.756459236545 -1.65128775998
-1.13756763835 -0.848825399994 -1.73860069873 -0.909786499299 -0.555275196979 -1.67775835871
-0.881473558094 -0.236970519618 0.303351923752 -1.09171627592 -0.287142474922 1.01950545887
-0.337649376675 0.397723223588 -0.412439092839 -0.946574689344 0.324547546457 -0.450936006133
-3.16713069733 -0.290225951064 -3.01751430039 -3.16713069733 -0.290225951064 -3.01751430039
1.13100653678 -1.33071439368 -2.06898242731 1.27640963881 -0.830657106277 -1.67956170992
0.435276769807 1.19436335238 1.61397214667 0.435276769807 1.19436335238 1.61397214667
1.86114913362 -0.363256014369 -1.66172877877 1.86114913362 -0.363256014369 -1.66172877877
-4.47822862325 0.593779681543 2.00186779545 -4.47822862325 0.593779681543 2.00186779545
0.111352858777 -0.743176665969 -0.0628796206034 0.111352858777 -0.743176665969 -0.0628796206034
-0.614874478582 1.37041498639 -0.246937389077 -0.0363296712905 1.17968470401 0.0337275752394
-2.59309053153 -1.81105925034 2.45049758614 -2.59309053153 -1.81105925034 2.45049758614
-0.0852787705416 -1.93268402926 -1.23954316027 -0.0852787705416 -1.93268402926 -1.23954316027
-3.9329181229 -0.249217319531 1.31262637124 -3.9329181229 -0.249217319531 1.31262637124
-0.825834479685 -0.302526899376 -0.346433864527 -0.337649376675 0.397723223588 -0.412439092839
1.14433386521 4.20867967303 -0.908671205007 1.11768621752 4.40967504183 -0.237390374784
4.84432195646 -0.443553764003 2.27914494077 4.84432195646 -0.443553764003 2.27914494077
3.36644281387 1.07097013701 0.582435252563 3.36644281387 1.07097013701 0.582435252563
4.05729456695 0.712813948088 -2.42518679828 4.05729456695 0.712813948088 -2.42518679828
1.77964269168 -0.0248828145759 0.654596136958 1.46836297717 -0.171244648009 0.197898400588
1.52696057363 3.11843352731 -0.94517056877 1.52696057363 3.11843352731 -0.94517056877
3.1208943968 3.29725542208 -1.11457495438 3.1208943968 3.29725542208 -1.11457495438
0.767586648338 1.87674993823 1.2434920628 0.767586648338 1.87674993823 1.2434920628
0.858463289566 -0.0410371315239 -1.82931055974 0.858463289566 -0.0410371315239 -1.82931055974
3.98544716276 -1.48783250261 1.16735334657 3.98544716276 -1.48783250261 1.16735334657
-0.17258133726 0.772059689434 -0.892861466521 -0.17258133726 0.772059689434 -0.892861466521
-0.383486828371 -1.65471644162 -0.510060058804 -0.161360085658 -1.47971864987 0.390480645956
-1.14845925674 3.42427572593 1.05015473116 -1.14845925674 3.42427572593 1.05015473116
-2.44060411132 1.38106445875 -5.22396226878 -2.44060411132 1.38106445875 -5.22396226878
-1.49607415255 2.42806017817 3.90973908474 -1.49607415255 2.42806017817 3.90973908474
-0.283539848971 0.0450585283575 -0.549820178919 -0.322799429573 -0.108870301916 -0.384059667278
-2.6964793295 3.43585782066 0.539438541377 -2.6964793295 3.43585782066 0.539438541377
1.13192127422 0.0820524789501 -0.542693951651 0.70066249902 0.464388936069 -0.505601158785
1.20272634104 1.84733381525 -0.955849508092 1.23385344416 2.44321188458 -0.876961543013
-0.209649967814 2.4575681593 -1.80372815658 -0.209649967814 2.4575681593 -1.80372815658
1.14767592696 1.05051111099 -6.51876549721 1.14767592696 1.05051111099 -6.51876549721
1.17196663755 -0.255358956885 0.290780742522 1.17196663755 -0.255358956885 0.290780742522
-0.912411030689 1.34304465077 1.79916693778 -1.27837600836 0.799271588828 0.984789270465
-0.0816680396964 -2.63654853311 -0.412405440739 0.196333030211 -2.3589411394 -0.1954814653
-5.05536606873 0.52073793839 -1.00481943115 -5.05536606873 0.52073793839 -1.00481943115
-0.161360085658 -1.47971864987 0.390480645956 0.0108761164637 -0.387586212398 -0.0147806599595
1.66874673139 -0.891737324933 -1.89310927375 1.13100653678 -1.33071439368 -2.06898242731
-1.45214592061 0.0673830387005 -3.04689079981 -1.45214592061 0.0673830387005 -3.04689079981
0.279914408719 -0.73860517786 -0.931077209204 -0.222119910625 -1.08477812865 -1.23912740557
1.11768621752 4.40967504183 -0.237390374784 1.14433386521 4.20867967303 -0.908671205007
-1.11763899612 -0.806061183802 -1.44472151078 -1.11763899612 -0.806061183802 -1.44472151078
-3.3538754025 2.74350652787 -0.884790689605 -3.3538754025 2.74350652787 -0.884790689605
2.26897841071 -0.933021688089 2.40401657066 2.26897841071 -0.933021688089 2.40401657066
-2.26783677539 -1.96078224883 3.24888414121 -2.26783677539 -1.96078224883 3.24888414121
-0.0792926708345 -1.01457447478 0.672451977738 0.158258788566 -1.01532138149 1.0120943774
1.59877105574 2.39418068693 0.52747443999 1.59877105574 2.39418068693 0.52747443999
0.207078840502 0.811545907501 0.755310193339 0.193025369226 0.415726884426 -0.67063991587
0.964136441703 -1.35557442924 -2.08920885441 0.843363811701 -1.05405095374 -2.56747718519
1.45201289194 -2.66119539981 0.158238426343 1.33604318073 -2.37173882056 0.727612975705
-1.5916932241 0.594274574113 1.57284072009 -0.912411030689 1.34304465077 1.79916693778
-0.195836949412 1.82176128346 3.06483560347 -0.195836949412 1.82176128346 3.06483560347
4.1596129303 0.769878103884 -0.851600340382 4.1596129303 0.769878103884 -0.851600340382
-0.154743802464 1.26411369158 0.889042943683 -0.154743802464 1.26411369158 0.889042943683
1.25971411721 0.180776000019 -2.02890738956 1.25971411721 0.180776000019 -2.02890738956
1.87973185966 -0.289871905004 -2.02543360789 1.87973185966 -0.289871905004 -2.02543360789
4.09361532518 3.7473944142 5.17837451687 4.09361532518 3.7473944142 5.17837451687
0.545440003801 0.617429801174 -0.973096923836 1.13192127422 0.0820524789501 -0.542693951651
0.895240263048 -0.132554949853 -0.325047142596 0.983763362158 0.0922208006806 -0.783571900323
-0.333452503922 -1.23517353178 0.787442468173 -0.554204050802 -1.08981306631 0.199232300611
-1.03733872725 3.36272916711 -0.0873185336543 -0.70957396379 3.09144829163 -0.0341718691021
1.4480174431 -3.81677436628 -2.64141379688 1.4480174431 -3.81677436628 -2.64141379688
-1.25078739212 1.44430453 -1.46814783241 -1.25078739212 1.44430453 -1.46814783241
0.0108761164637 -0.387586212398 -0.0147806599595 0.758145769615 0.272122468486 0.212108241741
-0.0942591501037 -0.651175183452 -0.808568129542 0.279914408719 -0.73860517786 -0.931077209204
1.9758437207 3.99574178692 0.89516054007 1.9758437207 3.99574178692 0.89516054007
-1.02460723662 -0.361539827974 0.607187290913 -0.844457292616 -0.151097669838 -0.0441863222861
0.703055649076 0.194265978692 -0.644378149067 0.703055649076 0.194265978692 -0.644378149067
-0.844457292616 -0.151097669838 -0.0441863222861 -0.881473558094 -0.236970519618 0.303351923752
1.53635011549 -0.474796555368 2.81869334305 1.53635011549 -0.474796555368 2.81869334305
-1.56097088731 0.257914873148 -1.05465833797 -1.56097088731 0.257914873148 -1.05465833797
-1.27837600836 0.799271588828 0.984789270465 -1.5916932241 0.594274574113 1.57284072009
0.0392621084308 -0.745888551111 0.168837762311 0.0392621084308 -0.745888551111 0.168837762311
0.224172052057 0.329211434995 3.97799607664 0.224172052057 0.329211434995 3.97799607664
-0.493609416085 0.206385411927 0.00814153169064 -0.236580031182 0.239308908715 0.0995419985437
-2.33005511862 -0.403876266646 -2.62619530151 -2.33005511862 -0.403876266646 -2.62619530151
0.983763362158 0.0922208006806 -0.783571900323 0.395674203109 -0.378027652644 -0.484701119698
-0.019291573453 1.28019373708 -0.381521776832 0.0728564506378 0.514282947932 -0.571799477891
-3.92286834204 -0.694040016323 1.58490074308 -3.92286834204 -0.694040016323 1.58490074308
0.703583982043 -0.161641445141 1.43653088985 0.703583982043 -0.161641445141 1.43653088985
2.15141418156 4.08507986362 2.26446701382 2.15141418156 4.08507986362 2.26446701382
0.758145769615 0.272122468486 0.212108241741 0.162932180842 0.716607543625 0.0647660450512
1.23385344416 2.44321188458 -0.876961543013 1.20272634104 1.84733381525 -0.955849508092
-0.0357154765953 -0.137168344426 -0.507451015664 -0.383486828371 -1.65471644162 -0.510060058804
-1.2126586064 0.149265108541 -1.06640190765 -1.2126586064 0.149265108541 -1.06640190765
1.40176666041 0.653089692682 2.14881379483 1.40176666041 0.653089692682 2.14881379483
-4.51882686813 1.28118075036 0.707335727812 -4.51882686813 1.28118075036 0.707335727812
2.61505539067 2.9274937153 -0.949235364457 2.61505539067 2.9274937153 -0.949235364457
1.10311245202 -0.928343393297 -0.849394860793 0.621098151328 -1.24124216891 -1.02566230283
-0.351658885022 -3.16930772874 -1.85841413296 -0.351658885022 -3.16930772874 -1.85841413296
0.251001443902 -1.73455467307 -5.29654081709 0.251001443902 -1.73455467307 -5.29654081709
-0.820227970797 4.99888372327 1.1794465626 -0.820227970797 4.99888372327 1.1794465626
-0.638883465461 -1.33032147292 2.66653466309 -0.638883465461 -1.33032147292 2.66653466309
-0.13367405118 -4.66401115469 2.93737193397 -0.13367405118 -4.66401115469 2.93737193397
-0.990319885679 -1.18767759301 -0.693475887217 -0.44103038552 -0.292698443283 -0.0476808340407
1.08714137003 -0.119945173318 -1.18772584787 1.08714137003 -0.119945173318 -1.18772584787
2.13390541448 -1.23725541251 3.60824677522 2.13390541448 -1.23725541251 3.60824677522
2.30552233824 1.58196620797 -1.1481001555 2.30552233824 1.58196620797 -1.1481001555
-0.0253692607024 -1.52443917062 -1.5096239802 -0.0346672965397 -0.904390301863 -1.94687977098
-0.987050997018 1.75990073453 0.956293795881 -0.987050997018 1.75990073453 0.956293795881
2.48724058988 -3.41754706538 0.389439534474 2.48724058988 -3.41754706538 0.389439534474
1.04914425026 -1.59069992907 1.97749021965 1.04914425026 -1.59069992907 1.97749021965
0.0356900274771 -0.130730122904 1.61026487183 0.0356900274771 -0.130730122904 1.61026487183
0.0672148425684 1.59544546659 0.143672140779 0.0672148425684 1.59544546659 0.143672140779
3.30293007575 3.39234844508 2.03846984156 3.30293007575 3.39234844508 2.03846984156
1.65769991215 -2.77573883948 3.5661359157 1.65769991215 -2.77573883948 3.5661359157
-4.13157006995 0.156868120265 -0.124498055579 -4.13157006995 0.156868120265 -0.124498055579
-1.17625661904 -0.938351942454 -1.26413876618 -1.18419826941 -0.782106462877 -0.924587258722
-2.04936796655 2.30750163682 2.1635974141 -2.04936796655 2.30750163682 2.1635974141
0.473899052256 0.953955732699 -1.24797140708 0.473899052256 0.953955732699 -1.24797140708
-1.70768627828 2.65628381106 -2.33833794131 -1.70768627828 2.65628381106 -2.33833794131
-1.73776385327 -0.687742722933 -3.21583341078 -1.73776385327 -0.687742722933 -3.21583341078
-0.0404572689407 -1.33231708825 -2.21466299093 0.158805945789 -0.884682924498 -1.44439934434
5.42781158418 0.83444498972 -1.09780303899 5.42781158418 0.83444498972 -1.09780303899
0.849371087165 -0.771568911087 -1.55750401848 0.849371087165 -0.771568911087 -1.55750401848
-0.944076499658 0.498894947361 2.38513037411 -0.944076499658 0.498894947361 2.38513037411
2.83978544798 1.17928850046 0.612797405717 2.83978544798 1.17928850046 0.612797405717
-1.09171627592 -0.287142474922 1.01950545887 -1.02460723662 -0.361539827974 0.607187290913
-0.702231537429 0.782943555331 -0.549000721464 -0.614874478582 1.37041498639 -0.246937389077
2.22224393179 2.59976352236 -2.12960731789 2.22224393179 2.59976352236 -2.12960731789
-2.50078606572 -0.171358351136 2.13851543707 -2.50078606572 -0.171358351136 2.13851543707
1.46836297717 -0.171244648009 0.197898400588 1.77964269168 -0.0248828145759 0.654596136958
-0.554204050802 -1.08981306631 0.199232300611 -0.333452503922 -1.23517353178 0.787442468173
0.209297920527 1.63386183667 -3.01654152402 0.209297920527 1.63386183667 -3.01654152402
1.78861939797 -0.719271060602 0.871702104809 1.78861939797 -0.719271060602 0.871702104809
0.193025369226 0.415726884426 -0.67063991587 1.08152718748 0.677906411763 -0.368746583975
-0.44103038552 -0.292698443283 -0.0476808340407 -0.0942591501037 -0.651175183452 -0.808568129542
3.31978930843 3.50051657122 -1.62157188081 3.31978930843 3.50051657122 -1.62157188081
3.00581217418 -3.78897272538 0.666255948173 3.00581217418 -3.78897272538 0.666255948173
-3.19390449065 1.98020270154 4.66253958704 -3.19390449065 1.98020270154 4.66253958704
-0.859451335254 -4.58542011519 -1.68747062012 -0.859451335254 -4.58542011519 -1.68747062012
3.95185255027 -0.686088112103 1.88825433481 3.95185255027 -0.686088112103 1.88825433481
-1.28059929599 0.104627193088 -3.73849915267 -1.28059929599 0.104627193088 -3.73849915267
1.27640963881 -0.830657106277 -1.67956170992 0.964136441703 -1.35557442924 -2.08920885441
0.704609063534 1.38994996564 -0.854872189677 0.100240168512 1.59140838607 -1.13332614132
-0.847301231029 -1.73833911602 1.66811666182 -0.847301231029 -1.73833911602 1.66811666182
0.728902621911 -4.26310461142 -2.08292629486 0.728902621911 -4.26310461142 -2.08292629486
-0.222119910625 -1.08477812865 -1.23912740557 -0.990319885679 -1.18767759301 -0.693475887217
-0.252885750586 0.884734522977 -0.397180673424 -0.019291573453 1.28019373708 -0.381521776832
1.28127778747 5.1188540043 -0.228692313372 1.28127778747 5.1188540043 -0.228692313372
0.395674203109 -0.378027652644 -0.484701119698 0.907830432633 -0.850920412702 0.0784538077139
-1.31302320409 -0.565859300071 3.0200653773 -1.31302320409 -0.565859300071 3.0200653773
-0.537148833742 -1.88067691971 1.98270478718 -0.537148833742 -1.88067691971 1.98270478718
0.139777059995 1.13764446259 2.53920776951 0.139777059995 1.13764446259 2.53920776951
-0.561206903097 -0.105162931952 -0.413847011188 -0.561206903097 -0.105162931952 -0.413847011188
0.70066249902 0.464388936069 -0.505601158785 -0.702231537429 0.782943555331 -0.549000721464
1.71068307549 -0.441815686721 1.70521391882 1.71068307549 -0.441815686721 1.70521391882
0.233120772111 0.0396167866455 -0.320640391749 0.545440003801 0.617429801174 -0.973096923836
0.0254696769705 2.76588479227 -4.47945992314 0.0254696769705 2.76588479227 -4.47945992314
1.3678936509 0.583089413435 -1.07877887828 1.3678936509 0.583089413435 -1.07877887828
2.66589081286 2.40234412362 -0.318131558239 2.66589081286 2.40234412362 -0.318131558239
2.5149139262 0.680606372635 -3.80637159384 2.5149139262 0.680606372635 -3.80637159384
-0.946574689344 0.324547546457 -0.450936006133 -0.37540009151 0.217032798195 -0.57162663159
0.907830432633 -0.850920412702 0.0784538077139 0.895240263048 -0.132554949853 -0.325047142596
0.0728564506378 0.514282947932 -0.571799477891 -0.327364950464 0.911782154388 -0.445813737211
0.100240168512 1.59140838607 -1.13332614132 0.704609063534 1.38994996564 -0.854872189677
-0.798608467199 2.22781995452 -1.65341403296 -0.798608467199 2.22781995452 -1.65341403296
-3.57602476319 3.7469766317 -2.01011527856 -3.57602476319 3.7469766317 -2.01011527856
0.635991455884 -2.32043674036 -3.47632891025 0.635991455884 -2.32043674036 -3.47632891025
1.77566899607 5.43606003066 -2.09484441638 1.77566899607 5.43606003066 -2.09484441638
-2.99876778569 0.920942025379 -0.0398907134855 -2.99876778569 0.920942025379 -0.0398907134855
-0.327364950464 0.911782154388 -0.445813737211 -0.252885750586 0.884734522977 -0.397180673424
-0.909786499299 -0.555275196979 -1.67775835871 -1.13756763835 -0.848825399994 -1.73860069873
4.01114737843 0.900634293798 5.0433131044 4.01114737843 0.900634293798 5.0433131044
3.00901476834 -1.38077137829 1.85500779196 3.00901476834 -1.38077137829 1.85500779196
1.70139944265 -2.40168083457 -1.21785017167 1.70139944265 -2.40168083457 -1.21785017167
-2.28626160875 1.67724115024 0.756043762714 -2.28626160875 1.67724115024 0.756043762714
-0.134403636643 -1.88215457482 -1.51254589133 -0.134403636643 -1.88215457482 -1.51254589133
-3.33183271208 2.98176996505 1.2981684976 -3.33183271208 2.98176996505 1.2981684976
-1.18419826941 -0.782106462877 -0.924587258722 -1.17625661904 -0.938351942454 -1.26413876618
-0.70957396379 3.09144829163 -0.0341718691021 -1.25368780237 3.26898663875 0.374531166695
1.33561521355 -0.894327186697 -0.253648257378 1.09047295086 -0.771631922993 -0.501453004226
-2.67119209576 2.18646563247 -0.00383849652261 -2.67119209576 2.18646563247 -0.00383849652261
1.10988247429 1.29065622074 2.12743108726 1.10988247429 1.29065622074 2.12743108726
-0.373990896421 0.31234909544 -0.315423294924 -0.493609416085 0.206385411927 0.00814153169064
1.71508372468 3.04991782053 -4.89925136751 1.71508372468 3.04991782053 -4.89925136751
-4.08023302731 0.291057950942 -3.37079210501 -4.08023302731 0.291057950942 -3.37079210501
-1.86289847057 -2.66553236939 1.0877487665 -1.86289847057 -2.66553236939 1.0877487665
3.15009401501 0.280835895916 -0.359653446526 3.15009401501 0.280835895916 -0.359653446526
1.28311448195 0.418850193312 2.9783526602 1.28311448195 0.418850193312 2.9783526602
-1.2656792911 -1.44863468178 -2.97893165496 -1.2656792911 -1.44863468178 -2.97893165496
-0.516557370583 -0.651411164449 -2.02897992503 -0.516557370583 -0.651411164449 -2.02897992503
-0.322799429573 -0.108870301916 -0.384059667278 -1.12039269559 0.308430639981 -0.0163186317341
-0.808304223361 2.31727180531 -0.888887351378 -0.808304223361 2.31727180531 -0.888887351378
-2.01164232204 0.0561402110824 -1.75581987453 -2.01164232204 0.0561402110824 -1.75581987453
0.67404437189 -0.43953072646 1.44732885995 0.67404437189 -0.43953072646 1.44732885995
-5.12303087705 1.53595144136 1.66818232247 -5.12303087705 1.53595144136 1.66818232247
-0.301386155529 -0.670610295146 0.119436459582 -0.301386155529 -0.670610295146 0.119436459582
-1.00163926215 -4.20296717588 -0.866567853092 -1.00163926215 -4.20296717588 -0.866567853092
0.490106403783 -3.80622808196 2.14735815064 0.490106403783 -3.80622808196 2.14735815064
-1.12039269559 0.308430639981 -0.0163186317341 -0.825834479685 -0.302526899376 -0.346433864527
0.885069118216 0.442914630211 -0.0594493294468 -0.0357154765953 -0.137168344426 -0.507451015664
3.5610744339 1.027454948 -3.44465425162 3.5610744339 1.027454948 -3.44465425162
-0.0363296712905 1.17968470401 0.0337275752394 0.207078840502 0.811545907501 0.755310193339
4.85338529596 1.09124680049 2.74626970909 4.85338529596 1.09124680049 2.74626970909
0.158805945789 -0.884682924498 -1.44439934434 0.0932765066382 -1.08955607667 -1.74896465841
-1.68669626508 1.11926379538 -6.12268349413 -1.68669626508 1.11926379538 -6.12268349413
-0.514333843875 4.83047248418 0.374562479657 -0.514333843875 4.83047248418 0.374562479657
-1.99746368414 2.54602299639 1.21686886527 -1.99746368414 2.54602299639 1.21686886527
-0.833880358538 -2.32344351253 -1.2575744591 -0.833880358538 -2.32344351253 -1.2575744591
-1.59119703175 -1.50069881155 1.77390287109 -1.59119703175 -1.50069881155 1.77390287109
4.1074714623 0.15863769438 1.98748510776 4.1074714623 0.15863769438 1.98748510776
0.196333030211 -2.3589411394 -0.1954814653 -0.0816680396964 -2.63654853311 -0.412405440739
1.24093847294 -1.96511765219 -0.959003686366 1.24093847294 -1.96511765219 -0.959003686366
4.05342477853 -2.43938141011 2.8717958914 4.05342477853 -2.43938141011 2.8717958914
1.09047295086 -0.771631922993 -0.501453004226 1.33561521355 -0.894327186697 -0.253648257378
0.621098151328 -1.24124216891 -1.02566230283 1.10311245202 -0.928343393297 -0.849394860793
-1.20727237456 1.66184987145 -3.67012007977 -1.20727237456 1.66184987145 -3.67012007977
2.29621014993 -0.360264558073 -0.868997501619 2.29621014993 -0.360264558073 -0.868997501619
0.405299185408 -1.61661425887 0.668932099238 0.405299185408 -1.61661425887 0.668932099238
0.106484086439 -4.3667301985 0.30400426779 0.106484086439 -4.3667301985 0.30400426779
3.27683106566 -3.45432021843 -4.68525237829 3.27683106566 -3.45432021843 -4.68525237829
2.43991981866 -0.701423567875 -5.54452168155 2.43991981866 -0.701423567875 -5.54452168155
0.158258788566 -1.01532138149 1.0120943774 -0.0792926708345 -1.01457447478 0.672451977738
2.00551621136 0.928000906003 0.407260726448 2.00551621136 0.928000906003 0.407260726448
2.9559081145 -0.00492955961642 1.41742950481 2.9559081145 -0.00492955961642 1.41742950481
0.37782284609 -1.06753074971 0.505849392995 0.37782284609 -1.06753074971 0.505849392995
2.31782071959 -1.080013654 -1.18832565638 2.58419309859 -1.10792789266 -1.42521034292
-3.58935017358 0.756459236545 -1.65128775998 -3.43550996018 0.160027500817 -0.951826867191
