2.58862918833 0.378843290739 1.05969491157 2.58862918833 0.378843290739 1.05969491157
2.54044970416 0.458870467286 7.05087808236 2.54044970416 0.458870467286 7.05087808236
2.36390775886 0.496171487137 -4.57028952402 2.36390775886 0.496171487137 -4.57028952402
2.3354338469 0.223875826838 2.96336404737 2.3354338469 0.223875826838 2.96336404737
1.00321472643 -0.364148519315 -2.6788908763 1.00321472643 -0.364148519315 -2.6788908763
1.59896889776 -0.0555056341614 -0.207341634695 1.59896889776 -0.0555056341614 -0.207341634695
-2.21824869537 0.509366052852 -3.18289065448 -2.21824869537 0.509366052852 -3.18289065448
-1.96108766521 -0.256807579199 -2.3609685 -1.96108766521 -0.256807579199 -2.3609685
-4.19961519906 0.938353953238 0.46018535911 -4.19961519906 0.938353953238 0.46018535911
-2.31223794298 -0.603485160937 5.3404396288 -2.31223794298 -0.603485160937 5.3404396288
-4.20278928685 0.324582885794 -0.204068419826 -4.20278928685 0.324582885794 -0.204068419826
-0.123233932375 -0.28230048008 -2.81885735626 -0.123233932375 -0.28230048008 -2.81885735626
2.64441075611 -0.803293863929 2.65504245444 2.64441075611 -0.803293863929 2.65504245444
0.612102460591 -0.069414592888 -3.50597655094 0.612102460591 -0.069414592888 -3.50597655094
0.888487319954 -0.674977586673 -1.07997956527 0.888487319954 -0.674977586673 -1.07997956527
-4.13010248729 0.217307730915 -2.80530724525 -4.13010248729 0.217307730915 -2.80530724525
3.4109886563 1.31426916344 6.20413994194 3.4109886563 1.31426916344 6.20413994194
3.6176803148 1.05540723146 1.02845284651 3.6176803148 1.05540723146 1.02845284651
-1.41471094684 0.559030232857 0.947967312723 -1.41471094684 0.559030232857 0.947967312723
4.1780182702 -0.384536769366 -2.78167086009 4.1780182702 -0.384536769366 -2.78167086009
2.01280094964 -0.6970457856 1.02553913285 2.01280094964 -0.6970457856 1.02553913285
0.199670104584 1.48293639107 4.09368810102 0.199670104584 1.48293639107 4.09368810102
1.53953561564 0.409029171307 5.7700787264 1.53953561564 0.409029171307 5.7700787264
1.38005582256 -0.00249472939315 2.47310836674 1.38005582256 -0.00249472939315 2.47310836674
1.74948338689 -0.779565864686 0.49134808245 1.74948338689 -0.779565864686 0.49134808245
-3.02089426393 0.173516055707 -1.84268605955 -2.7552188261 -0.217384987745 -1.82544872458
0.694189282648 0.0410317702379 2.40391835514 0.694189282648 0.0410317702379 2.40391835514
3.52728926537 0.02671270362 -1.80893821482 3.01825016803 0.110813150231 -1.72948526581
5.12150446866 1.28611419968 -2.91841641153 5.12150446866 1.28611419968 -2.91841641153
-1.83196867031 0.312085029343 2.82414657699 -1.83196867031 0.312085029343 2.82414657699
1.8737988526 1.2982062653 2.3082982621 1.8737988526 1.2982062653 2.3082982621
-0.621099049393 -0.392825027398 2.86295050018 -0.621099049393 -0.392825027398 2.86295050018
-3.12458900462 -0.274121966932 -1.9480903857 -3.42098044961 -0.0790081205004 -1.58398558993
-0.902932869889 -0.5155391269 3.35293880101 -0.902932869889 -0.5155391269 3.35293880101
0.118456748879 -0.0965443827125 0.794026025361 0.118456748879 -0.0965443827125 0.794026025361
-0.803920560008 -0.825523725877 -0.855328438065 -0.803920560008 -0.825523725877 -0.855328438065
1.895592823 -0.642399921683 -2.70615302538 1.895592823 -0.642399921683 -2.70615302538
2.95933748206 -0.0497810950389 -3.28684416604 2.95933748206 -0.0497810950389 -3.28684416604
-3.77821097203 0.785095493324 -4.01904680259 -3.77821097203 0.785095493324 -4.01904680259
-4.52891268924 0.452197367045 -1.33432387556 -4.52891268924 0.452197367045 -1.33432387556
3.00971088024 -0.122763327223 6.64379750912 3.00971088024 -0.122763327223 6.64379750912
3.26375244209 -0.407464976485 -1.05822450232 3.26375244209 -0.407464976485 -1.05822450232
1.79376698263 1.01069520224 0.325466744917 1.88059559166 0.746235446976 0.534348348511
-2.42395205801 -0.627101187303 -5.04266343738 -2.42395205801 -0.627101187303 -5.04266343738
4.79613372158 0.0895075805963 -1.73518426233 4.79613372158 0.0895075805963 -1.73518426233
-3.10214827344 0.984320450068 -1.30741533872 -3.10214827344 0.984320450068 -1.30741533872
2.05644145771 -0.405837712538 -6.04793526494 2.05644145771 -0.405837712538 -6.04793526494
-4.07999388829 0.0835678402838 0.809722219332 -4.07999388829 0.0835678402838 0.809722219332
5.19746049474 0.139187643345 2.87460242379 5.19746049474 0.139187643345 2.87460242379
-2.42322346283 0.526794138343 -1.59490427487 -2.42322346283 0.526794138343 -1.59490427487
-0.949269263377 0.125484588049 -1.23124286812 -0.949269263377 0.125484588049 -1.23124286812
-4.87048283826 0.282624995993 -6.46545553079 -4.87048283826 0.282624995993 -6.46545553079
-3.24599271959 -1.60685266231 -1.50487143352 -3.24599271959 -1.60685266231 -1.50487143352
-0.0410661239238 -0.039708426278 -2.21182823848 -0.0209871138334 0.0544476761079 -2.09265980991
-1.08668773318 -0.924329427376 0.57997782296 -1.08668773318 -0.924329427376 0.57997782296
0.393081951062 -0.184747253951 -1.56098230693 0.393081951062 -0.184747253951 -1.56098230693
3.11125131244 0.0231659292101 6.49627100018 3.11125131244 0.0231659292101 6.49627100018
1.89015421267 -0.382507260393 -0.538320692711 1.89015421267 -0.382507260393 -0.538320692711
-0.390889137871 -0.116582342463 3.18180218366 -0.390889137871 -0.116582342463 3.18180218366
-0.66242962551 -0.583140469134 1.31206200431 -0.66242962551 -0.583140469134 1.31206200431
-1.40360586961 0.0914578597776 -2.67345583478 -1.59712907296 0.1844076986 -3.01174743481
5.31674244038 0.0387629553755 0.0691315039507 5.41647033298 -0.426877098303 0.117047950547
0.462816439078 -0.523009728599 -5.14372396835 0.399684365825 -0.431921129114 -5.14825748275
2.28621521958 -0.562314498876 9.47314366034 2.28621521958 -0.562314498876 9.47314366034
-1.38129535715 0.488374828617 0.222533071641 -1.38129535715 0.488374828617 0.222533071641
-2.87642043685 -0.151396558176 -2.38507983525 -2.87642043685 -0.151396558176 -2.38507983525
4.26949660972 -1.11125137359 5.58040269475 4.26949660972 -1.11125137359 5.58040269475
3.03989775898 0.0238062393628 1.68379510727 3.03989775898 0.0238062393628 1.68379510727
1.94589834324 -1.38716954954 2.98922627134 1.94589834324 -1.38716954954 2.98922627134
-0.867695744638 0.453937682501 -2.41550403987 -0.867695744638 0.453937682501 -2.41550403987
4.22122782798 0.661027786153 0.309526678638 4.22122782798 0.661027786153 0.309526678638
2.5213696583 1.48349089173 -2.71909556724 2.5213696583 1.48349089173 -2.71909556724
5.37715026518 0.394266806249 4.39708741775 5.37715026518 0.394266806249 4.39708741775
0.220760708702 -0.367943572954 0.0820133063414 0.220760708702 -0.367943572954 0.0820133063414
1.27574921811 -0.261169051568 -1.98871724693 1.27574921811 -0.261169051568 -1.98871724693
-2.39916277687 -0.408402166988 -2.54525255071 -2.39916277687 -0.408402166988 -2.54525255071
-4.52844333689 -0.683741043414 -3.16656258032 -4.52844333689 -0.683741043414 -3.16656258032
-2.11964040244 -1.12265921205 6.93347209319 -2.11964040244 -1.12265921205 6.93347209319
3.34181099708 1.28076963794 -0.0352807203029 3.34181099708 1.28076963794 -0.0352807203029
-0.649653351539 0.0420557358246 0.68270974207 -0.649653351539 0.0420557358246 0.68270974207
-3.81792929632 0.58210177586 -2.47273573793 -3.81792929632 0.58210177586 -2.47273573793
-0.303921332106 -0.444779024331 1.38647394894 -0.0940580677167 -0.226237535149 1.37777075403
-1.51755360117 0.120274326679 -2.16735109855 -1.51755360117 0.120274326679 -2.16735109855
-0.580108981136 -0.0917270025415 -0.613555960871 -0.580108981136 -0.0917270025415 -0.613555960871
-2.25933843587 -0.404066337228 7.10665667901 -2.25933843587 -0.404066337228 7.10665667901
5.04267609801 0.887002762805 -1.72023353439 5.2556745815 1.09804701085 -1.3678493601
-2.19990768161 0.440063528468 -4.09231641045 -2.19990768161 0.440063528468 -4.09231641045
0.552964629788 -0.220633927243 -0.724835227216 0.552964629788 -0.220633927243 -0.724835227216
-2.60339570138 -0.00518374569366 1.38088599054 -2.60339570138 -0.00518374569366 1.38088599054
1.20093401373 -0.278949245415 5.76136859931 1.20093401373 -0.278949245415 5.76136859931
-2.14135925992 -0.0566493077775 3.71739259706 -2.14448637572 -0.207233021878 3.74904404072
1.09564840723 -1.0140475487 -0.131200417334 1.09564840723 -1.0140475487 -0.131200417334
5.47650440035 -0.302261520929 0.319595820589 5.47650440035 -0.302261520929 0.319595820589
3.0144215237 0.188204088073 3.26374191048 3.0144215237 0.188204088073 3.26374191048
1.31268726006 -0.49751146547 -1.08014270693 1.31268726006 -0.49751146547 -1.08014270693
-1.75656765199 1.03185712594 0.831997666525 -1.75656765199 1.03185712594 0.831997666525
-1.82201496971 0.460507577729 -2.85347179954 -1.82201496971 0.460507577729 -2.85347179954
1.68291308115 -0.318284419669 -1.37628509513 1.68291308115 -0.318284419669 -1.37628509513
-5.02039168867 0.43470607199 -7.78783421232 -5.02039168867 0.43470607199 -7.78783421232
-2.42208137852 -0.374812475428 -4.45366338639 -2.42208137852 -0.374812475428 -4.45366338639
-1.53112950041 0.214537988738 -0.576011319429 -1.53112950041 0.214537988738 -0.576011319429
-1.50415429343 -0.250933204435 -0.695196046605 -1.50415429343 -0.250933204435 -0.695196046605
2.04688236866 1.67411916775 -5.1966637545 2.04688236866 1.67411916775 -5.1966637545
-8.26205059515 0.292100389108 3.71676621177 -8.26205059515 0.292100389108 3.71676621177
1.51778634172 0.0421431302592 5.61048437454 1.51778634172 0.0421431302592 5.61048437454
-3.96037086148 -1.13379865579 4.06102855063 -3.96037086148 -1.13379865579 4.06102855063
-0.149310935303 -0.040409855903 0.579082631687 -0.149310935303 -0.040409855903 0.579082631687
1.33252708647 -0.6701708988 -1.30785514067 1.33252708647 -0.6701708988 -1.30785514067
-4.06423677679 -0.0478650521877 1.73274768167 -3.42125547086 -0.239893248924 1.81197788743
-1.80070876888 0.340418211348 7.40879249074 -1.80070876888 0.340418211348 7.40879249074
-4.38405096915 1.9330633624 -1.91781798592 -4.38405096915 1.9330633624 -1.91781798592
-6.86452250882 -1.42633209718 -0.0821918894709 -6.86452250882 -1.42633209718 -0.0821918894709
-1.59712907296 0.1844076986 -3.01174743481 -1.40360586961 0.0914578597776 -2.67345583478
2.47000094823 1.74482274276 -4.13731858529 2.47000094823 1.74482274276 -4.13731858529
-8.40231705493 -0.319822481181 1.42680403586 -8.40231705493 -0.319822481181 1.42680403586
2.66430607476 1.26082605323 4.16324416679 2.66430607476 1.26082605323 4.16324416679
6.21813515244 -0.578928037679 2.66928735826 6.21813515244 -0.578928037679 2.66928735826
-2.5080816734 0.348663500331 -6.01918685863 -2.5080816734 0.348663500331 -6.01918685863
1.05136673366 -1.09045775827 2.95670875377 1.05136673366 -1.09045775827 2.95670875377
-0.560064698841 -0.0815170037923 -0.894542104925 -0.560064698841 -0.0815170037923 -0.894542104925
3.42749483019 0.444010214481 2.59690650582 3.42749483019 0.444010214481 2.59690650582
2.03718434294 -0.00619529055249 -0.868096149216 2.03718434294 -0.00619529055249 -0.868096149216
0.705379211586 0.15935701456 3.58340742065 0.705379211586 0.15935701456 3.58340742065
3.16370578981 -0.124660323808 4.28204443607 3.16370578981 -0.124660323808 4.28204443607
-0.879228099825 0.538396983708 3.58437978772 -0.879228099825 0.538396983708 3.58437978772
-1.36216777569 0.962569673195 -2.89495313212 -1.36216777569 0.962569673195 -2.89495313212
-0.517742228114 0.431066788421 2.07959261513 -0.517742228114 0.431066788421 2.07959261513
-3.54813886476 0.796229366645 -0.240406800764 -3.54813886476 0.796229366645 -0.240406800764
-3.10124037716 -0.320942323776 -9.7026213822 -3.10124037716 -0.320942323776 -9.7026213822
0.468577867313 -1.19786536958 1.48246955836 0.468577867313 -1.19786536958 1.48246955836
4.79811720496 0.44189122547 0.670276224316 4.79811720496 0.44189122547 0.670276224316
-1.19805308286 0.199195630882 -5.31523102128 -1.19805308286 0.199195630882 -5.31523102128
3.9244611476 0.581489255764 -3.33963974103 3.9244611476 0.581489255764 -3.33963974103
4.2473717304 -0.517315416626 -1.69254184674 4.2473717304 -0.517315416626 -1.69254184674
-1.52053869843 -0.168101368451 5.59956948741 -1.52053869843 -0.168101368451 5.59956948741
-3.09343723483 -0.731367315321 -6.54175311028 -3.09343723483 -0.731367315321 -6.54175311028
-0.554565189365 0.782772120985 1.75565370637 -0.554565189365 0.782772120985 1.75565370637
2.61472406672 -0.164346463843 0.160734676295 2.61472406672 -0.164346463843 0.160734676295
5.2556745815 1.09804701085 -1.3678493601 5.04267609801 0.887002762805 -1.72023353439
5.42291401132 -0.520166666825 4.53639520007 5.42291401132 -0.520166666825 4.53639520007
5.46480118896 0.757362860938 -1.17805698736 5.46480118896 0.757362860938 -1.17805698736
-2.24971471296 -0.17578334453 0.494313312019 -2.10796768214 0.0557650785856 0.920569470004
0.273021226102 -0.301373588891 1.11823413235 0.232504395378 -0.605617699069 1.14852501832
3.3169856454 0.0338301426309 1.37897028616 3.3169856454 0.0338301426309 1.37897028616
-2.49789106609 0.432219615279 -1.35800544071 -2.49789106609 0.432219615279 -1.35800544071
-3.85948612931 0.954815547373 0.763274297724 -3.85948612931 0.954815547373 0.763274297724
3.7645413453 -0.147398313151 -8.43327894134 3.7645413453 -0.147398313151 -8.43327894134
2.0751570407 0.495471154874 2.25255303832 2.0751570407 0.495471154874 2.25255303832
0.214129025626 1.34313654858 -4.79627690501 0.214129025626 1.34313654858 -4.79627690501
4.94163000688 -0.237409826554 1.68116870164 4.94163000688 -0.237409826554 1.68116870164
-2.28355543677 -0.659894537805 -0.778294717323 -2.28355543677 -0.659894537805 -0.778294717323
3.39701554947 -1.16171376541 1.73610720946 3.39701554947 -1.16171376541 1.73610720946
-1.6494011491 0.542540668905 2.51126617842 -1.6494011491 0.542540668905 2.51126617842
-6.150152816 -1.20774603604 1.06166971579 -6.150152816 -1.20774603604 1.06166971579
-3.43008336205 -1.80579412155 -1.5447010657 -3.43008336205 -1.80579412155 -1.5447010657
1.63137723267 -0.329809089779 0.428739721023 2.22973802251 -0.235760925451 0.598532675796
-0.805296701334 0.654543782868 6.38449923573 -0.805296701334 0.654543782868 6.38449923573
-2.81121106721 0.729258605734 -4.41307302582 -2.81121106721 0.729258605734 -4.41307302582
-0.437309274583 -0.223659829069 4.50718191899 -0.437309274583 -0.223659829069 4.50718191899
3.23980635401 0.179221904977 -3.39040840123 3.23980635401 0.179221904977 -3.39040840123
-0.300818809054 0.122530144371 3.26883099312 -0.300818809054 0.122530144371 3.26883099312
5.45237771276 -0.845000531667 2.43644686977 5.45237771276 -0.845000531667 2.43644686977
1.61150602045 -0.561299839758 0.62314235586 1.61150602045 -0.561299839758 0.62314235586
-2.4096158744 -0.112345294967 1.96816135245 -2.4096158744 -0.112345294967 1.96816135245
-5.14819419759 0.149763228527 1.30417534319 -5.02101731231 0.0885565368825 1.24139774632
-2.03677661075 0.965900921778 -2.48231189914 -2.03677661075 0.965900921778 -2.48231189914
2.08667024509 -0.451864182303 1.80145975336 2.08667024509 -0.451864182303 1.80145975336
1.72802336869 -0.210500915939 -0.81743589283 1.72802336869 -0.210500915939 -0.81743589283
1.18894684247 -0.536259399461 1.4257253108 1.18894684247 -0.536259399461 1.4257253108
-2.57800885497 -0.484377269893 -1.40695076245 -2.57800885497 -0.484377269893 -1.40695076245
-0.851230288295 -0.373749069643 0.605445778314 -0.851230288295 -0.373749069643 0.605445778314
-4.08881804226 -0.19616946468 4.05113744547 -4.08881804226 -0.19616946468 4.05113744547
1.63463022871 0.490120919689 0.348057918454 1.63463022871 0.490120919689 0.348057918454
2.12786076056 1.0787839179 3.19774749429 2.12786076056 1.0787839179 3.19774749429
1.52549027898 1.06439350762 1.43413189708 1.4768738868 1.32153393935 1.62578178836
4.26491447653 -0.534884990704 -4.52195550482 4.26491447653 -0.534884990704 -4.52195550482
-0.172373794747 -1.28270579983 -4.63824366066 -0.172373794747 -1.28270579983 -4.63824366066
-0.62711167667 -1.56535440856 2.58987464075 -0.62711167667 -1.56535440856 2.58987464075
-0.524446772371 0.278353239067 0.696446208571 -0.524446772371 0.278353239067 0.696446208571
5.46528751462 0.17559657382 1.83315177013 5.46528751462 0.17559657382 1.83315177013
0.588352430258 -0.13489626619 -4.35852523481 0.588352430258 -0.13489626619 -4.35852523481
1.17180561362 -0.261236690961 -1.24587219728 1.17180561362 -0.261236690961 -1.24587219728
-1.26865137146 0.492398547611 2.01868395759 -1.26865137146 0.492398547611 2.01868395759
2.72799976339 -0.303778928389 2.62198048418 2.72799976339 -0.303778928389 2.62198048418
0.350957902281 -0.412732864279 -2.82312583967 0.350957902281 -0.412732864279 -2.82312583967
-4.29536797749 1.00640138726 -5.0402309137 -4.29536797749 1.00640138726 -5.0402309137
-2.05138935719 -0.624237175561 -2.57547909132 -2.05138935719 -0.624237175561 -2.57547909132
3.22574057969 0.885214254025 -1.34615739862 3.22574057969 0.885214254025 -1.34615739862
4.42692118532 -0.595981377174 -0.720363393583 4.42692118532 -0.595981377174 -0.720363393583
-0.745209785405 0.292128860941 0.308720867994 -0.745209785405 0.292128860941 0.308720867994
-2.27568919266 -0.566087264446 1.65846240908 -2.27568919266 -0.566087264446 1.65846240908
2.97558565002 -0.195595833446 0.404899932156 2.97558565002 -0.195595833446 0.404899932156
-1.09004139323 -0.27168025304 -0.341883089091 -1.09004139323 -0.27168025304 -0.341883089091
0.353420787703 -0.595436098122 -1.91150324688 0.353420787703 -0.595436098122 -1.91150324688
-0.4076737604 1.16215804717 -1.79156948575 -0.4076737604 1.16215804717 -1.79156948575
-0.410925377974 0.224712095889 0.682001118908 -0.410925377974 0.224712095889 0.682001118908
-1.97955502532 0.00222503968233 0.848241993833 -1.97955502532 0.00222503968233 0.848241993833
1.95714152551 -0.884034474483 -7.14690108907 1.95714152551 -0.884034474483 -7.14690108907
0.0531001640646 0.920436055788 -2.44865722913 0.0531001640646 0.920436055788 -2.44865722913
-0.754445203349 -0.720496607145 1.64101175757 -0.754445203349 -0.720496607145 1.64101175757
4.45282909503 0.748152993403 2.47609779791 4.45282909503 0.748152993403 2.47609779791
-7.07036705521 -0.00585792153678 0.530818721224 -7.07036705521 -0.00585792153678 0.530818721224
-2.30718474276 -0.541372356779 2.76180715172 -2.30718474276 -0.541372356779 2.76180715172
-2.25205973621 -0.66797721922 -0.579429515612 -2.25205973621 -0.66797721922 -0.579429515612
-4.25442108906 -0.0727696882545 -3.7086397766 -4.25442108906 -0.0727696882545 -3.7086397766
-1.53475775188 -0.117941257707 -2.83176495207 -1.53475775188 -0.117941257707 -2.83176495207
-0.965773330052 -0.419474769467 -2.54047835216 -0.965773330052 -0.419474769467 -2.54047835216
-0.312558168215 1.10872775874 0.30636280398 -0.312558168215 1.10872775874 0.30636280398
2.89129981893 -0.70020052808 -1.8278948529 2.89129981893 -0.70020052808 -1.8278948529
1.53440770546 0.86842755434 -0.338016014684 1.53939734176 0.749850258117 -0.68062188036
-2.8903929017 -0.240895252452 2.66500559836 -2.8903929017 -0.240895252452 2.66500559836
-3.42098044961 -0.0790081205004 -1.58398558993 -3.12458900462 -0.274121966932 -1.9480903857
0.247583848104 -0.0541466186939 1.95190527892 0.247583848104 -0.0541466186939 1.95190527892
-1.77300809907 0.45218534215 -0.412364211117 -1.77300809907 0.45218534215 -0.412364211117
-3.00573417849 -0.209622149511 1.16677469576 -3.00573417849 -0.209622149511 1.16677469576
6.57831754827 0.25181705551 -6.52394594726 6.57831754827 0.25181705551 -6.52394594726
-6.57905165512 1.32164612599 1.18525342304 -6.57905165512 1.32164612599 1.18525342304
-8.76387696645 -0.300842724544 0.957969433655 -8.76387696645 -0.300842724544 0.957969433655
-0.195699431954 -0.525421213562 0.569637132672 -0.195699431954 -0.525421213562 0.569637132672
6.58832588238 -0.880385054225 -5.40555219565 6.58832588238 -0.880385054225 -5.40555219565
2.15069902921 0.553940474837 -2.71992676419 2.15069902921 0.553940474837 -2.71992676419
0.90678577253 0.214808623949 -4.36331613812 0.90678577253 0.214808623949 -4.36331613812
-3.14794467319 -1.29080195853 0.634455304503 -3.14794467319 -1.29080195853 0.634455304503
-1.41887802799 0.203110996244 -3.14909110427 -1.41887802799 0.203110996244 -3.14909110427
0.991511434198 -0.81310000419 1.89438850125 0.991511434198 -0.81310000419 1.89438850125
-3.55524563585 -0.432179814595 7.46751454289 -3.55524563585 -0.432179814595 7.46751454289
2.39650067942 0.0559638517535 -4.26422793079 2.39650067942 0.0559638517535 -4.26422793079
-3.78333162347 -0.0272804212482 2.02170985243 -3.78333162347 -0.0272804212482 2.02170985243
-3.97535372204 -0.150690195493 -0.551594300419 -3.97535372204 -0.150690195493 -0.551594300419
-3.56056121293 -0.177786185723 4.30889006255 -3.56056121293 -0.177786185723 4.30889006255
-2.35245753944 0.883323003005 0.786676247792 -2.18929307186 0.476171013889 0.837078047588
4.22491610571 -0.464276906458 1.1410347552 4.22491610571 -0.464276906458 1.1410347552
2.43965896644 1.23889715377 1.95722290007 2.43965896644 1.23889715377 1.95722290007
-1.48240610628 -0.81290217824 2.42658407247 -1.48240610628 -0.81290217824 2.42658407247
6.40713192738 -0.117613829654 0.919207307377 6.40713192738 -0.117613829654 0.919207307377
1.3738627884 -0.597961354043 -3.20489530007 1.3738627884 -0.597961354043 -3.20489530007
1.89352444454 0.72772145718 2.04400126145 1.74736109987 0.241165509625 2.28575557328
-5.875333029 -0.558845549837 -1.6907915082 -5.875333029 -0.558845549837 -1.6907915082
0.575053940381 1.66613418971 -3.1830695828 0.575053940381 1.66613418971 -3.1830695828
-0.658726645762 0.588115664249 0.694081341526 -0.658726645762 0.588115664249 0.694081341526
0.530037362878 -0.492973822195 0.67681680771 0.530037362878 -0.492973822195 0.67681680771
2.07030598702 0.992314731565 4.16642494367 2.07030598702 0.992314731565 4.16642494367
0.0450841580114 0.688296407494 8.65180014579 0.0450841580114 0.688296407494 8.65180014579
-2.5571867461 1.04632403839 -1.21266951323 -2.5571867461 1.04632403839 -1.21266951323
-0.780030395636 -0.31390766248 4.33543183733 -0.780030395636 -0.31390766248 4.33543183733
0.859674030832 0.185073566476 -6.95869111325 0.859674030832 0.185073566476 -6.95869111325
10.7239970737 0.669308598239 -0.00831360036801 10.7239970737 0.669308598239 -0.00831360036801
-0.0209871138334 0.0544476761079 -2.09265980991 -0.0410661239238 -0.039708426278 -2.21182823848
0.0625738726581 1.18854221997 1.03184015543 0.0625738726581 1.18854221997 1.03184015543
1.6068981588 0.364560197601 2.76815338644 1.6068981588 0.364560197601 2.76815338644
-4.19319038224 0.449850511865 1.0659575486 -4.19319038224 0.449850511865 1.0659575486
-0.161580670396 0.0418709259544 5.74191570424 -0.161580670396 0.0418709259544 5.74191570424
0.411818686159 0.13024374165 7.62820451626 0.411818686159 0.13024374165 7.62820451626
-0.0393768353955 -0.65811050365 2.78939377769 -0.0393768353955 -0.65811050365 2.78939377769
-0.280393319994 0.733297188238 -2.33403773377 -0.280393319994 0.733297188238 -2.33403773377
5.6692281602 -0.0492007340782 -3.60704272084 5.6692281602 -0.0492007340782 -3.60704272084
-1.00596147608 0.555119492155 0.326701889765 -1.00596147608 0.555119492155 0.326701889765
6.15571429535 -0.458285081804 -0.439582497105 6.15571429535 -0.458285081804 -0.439582497105
5.02935044594 -0.222423178332 -3.60137933982 5.02935044594 -0.222423178332 -3.60137933982
-4.62621714346 -1.71070099892 4.73289577833 -4.62621714346 -1.71070099892 4.73289577833
-2.29934957614 1.50618765678 -4.88458653836 -2.29934957614 1.50618765678 -4.88458653836
4.28822218716 -0.463364571869 2.51679991281 4.28822218716 -0.463364571869 2.51679991281
3.85475157231 0.131328715259 -5.45616272953 3.85475157231 0.131328715259 -5.45616272953
1.39381098465 -0.107005191366 3.23505707566 1.39381098465 -0.107005191366 3.23505707566
-3.10853283571 -0.723212625369 0.606759659224 -3.10853283571 -0.723212625369 0.606759659224
-5.59698751248 -1.93945735152 2.1838918597 -5.59698751248 -1.93945735152 2.1838918597
-4.37766137293 -0.0438964040775 -3.61627752064 -4.37766137293 -0.0438964040775 -3.61627752064
6.67323002127 -0.719325344637 0.419108391802 6.67323002127 -0.719325344637 0.419108391802
2.09137145106 0.643314189626 0.11590091454 2.09137145106 0.643314189626 0.11590091454
-0.0291051595288 -0.0492981432263 0.822992992632 -0.0291051595288 -0.0492981432263 0.822992992632
1.38763105928 -0.0642409297687 1.08154911343 1.38763105928 -0.0642409297687 1.08154911343
-1.07650131629 -0.585294081141 -5.39784777533 -1.07650131629 -0.585294081141 -5.39784777533
4.05633640395 -0.0968553114866 -2.68913620375 4.05633640395 -0.0968553114866 -2.68913620375
-0.593782471675 1.58686585009 -3.81725819405 -0.593782471675 1.58686585009 -3.81725819405
0.575540341487 0.12805855765 -4.7421607829 0.575540341487 0.12805855765 -4.7421607829
0.0677674502219 0.584171050438 5.88227744295 0.0677674502219 0.584171050438 5.88227744295
3.08726281806 -0.51433031796 3.21029463761 3.08726281806 -0.51433031796 3.21029463761
-0.727462865557 0.963717253253 0.184501708294 -0.727462865557 0.963717253253 0.184501708294
0.0583106471465 -0.0225447697657 -9.5045288158 0.0583106471465 -0.0225447697657 -9.5045288158
5.10014924556 -0.152029218218 -6.73258526623 5.10014924556 -0.152029218218 -6.73258526623
2.96780192657 -1.31638555199 0.627579941399 2.96780192657 -1.31638555199 0.627579941399
3.35261473717 -0.141546380174 -1.41885362049 3.35261473717 -0.141546380174 -1.41885362049
1.62859963218 -0.132265580483 0.487845070281 1.56875522964 -0.449388116784 0.11558881414
-3.65371213861 -0.960821211245 -5.21210503473 -3.65371213861 -0.960821211245 -5.21210503473
-0.410275778663 -0.831035476723 7.56718290794 -0.410275778663 -0.831035476723 7.56718290794
0.817981346633 -1.53410378735 4.80631674445 0.817981346633 -1.53410378735 4.80631674445
0.00515344016486 -0.31672235051 2.79482076124 0.00515344016486 -0.31672235051 2.79482076124
-1.84931604855 0.370701494569 6.76436700426 -1.84931604855 0.370701494569 6.76436700426
-4.55635437618 -0.340864307135 1.74425846644 -4.55635437618 -0.340864307135 1.74425846644
-12.7298762065 0.349693121545 -1.00046509941 -12.7298762065 0.349693121545 -1.00046509941
-7.3287775025 0.105890093306 -4.09216951542 -7.3287775025 0.105890093306 -4.09216951542
-0.636253101049 -0.770743270366 2.95244552766 -0.636253101049 -0.770743270366 2.95244552766
-0.535676789115 0.978570206525 -2.59451117045 -0.535676789115 0.978570206525 -2.59451117045
-3.33905316518 0.111641691594 -2.38427832906 -3.33905316518 0.111641691594 -2.38427832906
-1.32567754203 -0.12781632165 -2.1330962228 -1.32567754203 -0.12781632165 -2.1330962228
5.29935355809 -0.241014552601 -5.99921950596 5.29935355809 -0.241014552601 -5.99921950596
-5.07040659584 -1.17604761062 0.564786247064 -5.07040659584 -1.17604761062 0.564786247064
2.16237735085 -0.0878172447074 6.59677168321 2.16237735085 -0.0878172447074 6.59677168321
-1.01856361572 0.345133651616 3.21826897177 -1.01856361572 0.345133651616 3.21826897177
0.392681068307 0.852259771496 -5.85809103473 0.392681068307 0.852259771496 -5.85809103473
-7.67892843539 0.923301081048 -1.98612546836 -7.67892843539 0.923301081048 -1.98612546836
6.59731182986 0.575670324999 3.07111847723 6.59731182986 0.575670324999 3.07111847723
-5.07439808274 -1.06378897288 -2.70312895717 -5.07439808274 -1.06378897288 -2.70312895717
-2.88880344676 0.0336382712784 -6.58795113262 -2.88880344676 0.0336382712784 -6.58795113262
7.21939869647 0.327013565602 1.17154430625 7.21939869647 0.327013565602 1.17154430625
-2.63185474363 0.0711498073754 2.30945777993 -2.63185474363 0.0711498073754 2.30945777993
-1.18493610743 -1.1734116789 -3.27782116356 -1.18493610743 -1.1734116789 -3.27782116356
-1.55880437244 -0.956812341056 -0.908307989857 -1.55880437244 -0.956812341056 -0.908307989857
4.32608423925 -0.114351714604 -3.11693713351 4.32608423925 -0.114351714604 -3.11693713351
-6.02594408085 -1.0586567987 4.12563601726 -6.02594408085 -1.0586567987 4.12563601726
3.4705753411 -0.512587250666 1.18315372382 3.4705753411 -0.512587250666 1.18315372382
2.35201236057 0.0258128092088 5.57003995302 2.35201236057 0.0258128092088 5.57003995302
-4.5736055819 -0.850260422677 6.52605741804 -4.5736055819 -0.850260422677 6.52605741804
0.278492777512 0.185938728418 -2.92823690014 0.278492777512 0.185938728418 -2.92823690014
-5.36323643236 0.251185947077 -2.19463300347 -5.36323643236 0.251185947077 -2.19463300347
0.340519341488 1.08573589637 -1.88972515295 0.340519341488 1.08573589637 -1.88972515295
1.07164004625 0.900401089892 0.980487603629 1.07164004625 0.900401089892 0.980487603629
3.28798609018 -0.0357196571242 0.977903529751 3.28798609018 -0.0357196571242 0.977903529751
-7.25581073206 0.690146154462 5.1962807957 -7.25581073206 0.690146154462 5.1962807957
-2.81608269611 0.990416226862 -0.737563589887 -2.81608269611 0.990416226862 -0.737563589887
-2.37881441535 0.919246816696 2.36678360275 -2.37881441535 0.919246816696 2.36678360275
3.7211463136 -0.0654092135879 -1.89732373449 3.7211463136 -0.0654092135879 -1.89732373449
-4.13272017954 0.0381382797019 7.01058953907 -4.13272017954 0.0381382797019 7.01058953907
5.22710956397 0.147386022552 0.388158251616 5.22710956397 0.147386022552 0.388158251616
4.72409673153 0.256163919925 -4.13057550561 4.72409673153 0.256163919925 -4.13057550561
0.733412644926 0.191817702237 1.32070580206 0.733412644926 0.191817702237 1.32070580206
-1.21375473136 -1.25028607648 -1.36571086607 -1.21375473136 -1.25028607648 -1.36571086607
-1.59414073317 -0.329080822151 -8.39752331556 -1.59414073317 -0.329080822151 -8.39752331556
-4.0047724941 0.328097485382 1.10563763738 -4.0047724941 0.328097485382 1.10563763738
3.81543221856 0.688251940751 -2.70645013791 3.81543221856 0.688251940751 -2.70645013791
2.18690418952 -0.377654883209 2.16169963502 2.18690418952 -0.377654883209 2.16169963502
8.52718988084 0.00852945853519 -2.00257915925 8.52718988084 0.00852945853519 -2.00257915925
-1.00067653525 -0.817725729923 -1.13307929293 -1.00067653525 -0.817725729923 -1.13307929293
-0.0553540141403 0.22335211812 -2.02968772575 0.0887901484155 0.280246824136 -2.19243656314
1.06510134369 0.0502472189784 3.6247430391 1.06510134369 0.0502472189784 3.6247430391
2.99572524045 0.0349475222021 7.25046086527 2.99572524045 0.0349475222021 7.25046086527
0.417833994758 0.698961569433 -1.93316537063 0.417833994758 0.698961569433 -1.93316537063
1.4768738868 1.32153393935 1.62578178836 1.52549027898 1.06439350762 1.43413189708
3.18022213376 -0.0941904550703 -4.24084230264 3.18022213376 -0.0941904550703 -4.24084230264
-1.83146889889 0.14238990146 -0.874136932188 -1.83146889889 0.14238990146 -0.874136932188
0.485756720956 0.393052098427 -0.0414026126699 0.485756720956 0.393052098427 -0.0414026126699
-3.73229339547 -0.12827120326 -0.8961544028 -3.73229339547 -0.12827120326 -0.8961544028
-1.2781475211 -0.494186664832 -6.06239036349 -1.2781475211 -0.494186664832 -6.06239036349
-0.948638841447 -0.149195753474 8.30675508567 -0.948638841447 -0.149195753474 8.30675508567
5.55029714201 -0.555515542307 -5.22736817633 5.55029714201 -0.555515542307 -5.22736817633
2.25450522574 -0.982672261315 0.715391737205 2.25450522574 -0.982672261315 0.715391737205
1.74736109987 0.241165509625 2.28575557328 1.89352444454 0.72772145718 2.04400126145
-3.61417214177 0.34557630321 -0.0549850842945 -3.61417214177 0.34557630321 -0.0549850842945
-1.68459338835 0.240903778786 -1.06885285341 -1.68459338835 0.240903778786 -1.06885285341
-5.1782203856 -0.383989462077 -3.48763438242 -5.1782203856 -0.383989462077 -3.48763438242
-0.872189255574 -0.928752705073 3.59565067594 -0.872189255574 -0.928752705073 3.59565067594
4.44291370109 0.0560480407696 5.46453543474 4.44291370109 0.0560480407696 5.46453543474
-3.44360510824 0.994042861112 -1.25657272655 -3.44360510824 0.994042861112 -1.25657272655
4.900644756 0.379317882942 4.99005185845 4.900644756 0.379317882942 4.99005185845
1.3498976751 -0.600871282672 -7.83495046758 1.3498976751 -0.600871282672 -7.83495046758
2.08291601338 -0.566547562267 2.61002007952 2.08291601338 -0.566547562267 2.61002007952
-3.11094549032 0.301681041925 6.80586716555 -3.11094549032 0.301681041925 6.80586716555
3.11630328044 -0.483047096717 0.358704561684 3.11630328044 -0.483047096717 0.358704561684
6.98633897679 0.543217023827 3.92160256003 6.98633897679 0.543217023827 3.92160256003
-0.83317545116 -0.390127196373 -1.63538041336 -0.83317545116 -0.390127196373 -1.63538041336
3.23371119595 0.14322575985 -4.15967453191 3.23371119595 0.14322575985 -4.15967453191
2.10479802468 -1.12122208932 -4.60475672272 2.10479802468 -1.12122208932 -4.60475672272
-2.79252891133 0.178456596183 1.33601067692 -2.79252891133 0.178456596183 1.33601067692
2.69134729197 -0.0878269298581 0.0608864070553 2.69134729197 -0.0878269298581 0.0608864070553
-9.27329311987 0.0197978188228 0.802986458529 -9.27329311987 0.0197978188228 0.802986458529
-0.444767427505 -0.345274569096 -1.54689925285 -0.444767427505 -0.345274569096 -1.54689925285
-2.94574100831 0.10053669405 0.959169246937 -2.94574100831 0.10053669405 0.959169246937
2.27296405846 -0.822084047311 0.0488914167309 2.27296405846 -0.822084047311 0.0488914167309
3.28874683186 0.307931640761 -1.46845841404 3.28874683186 0.307931640761 -1.46845841404
4.99927400216 -1.23287052221 -1.93260357874 4.99927400216 -1.23287052221 -1.93260357874
3.56781637053 0.0980706389784 0.358839583249 3.56781637053 0.0980706389784 0.358839583249
0.0262260062823 -0.0792430373787 1.01993498074 0.0262260062823 -0.0792430373787 1.01993498074
1.43350321405 1.74097274169 -3.21814827297 1.43350321405 1.74097274169 -3.21814827297
0.29993369346 -0.276103689218 0.786219371342 0.29993369346 -0.276103689218 0.786219371342
0.944567729247 0.607600786687 2.28308322077 0.944567729247 0.607600786687 2.28308322077
-0.446180230135 0.208551397483 -2.01966989771 -0.446180230135 0.208551397483 -2.01966989771
-1.08796494452 1.26784844747 5.52138911 -1.08796494452 1.26784844747 5.52138911
-0.12530854197 0.420569764869 1.76140372404 -0.12530854197 0.420569764869 1.76140372404
4.28572859484 0.220129272846 0.835072300584 4.28572859484 0.220129272846 0.835072300584
-3.72846041548 0.179839166924 0.80830397695 -3.72846041548 0.179839166924 0.80830397695
-5.04218154693 0.171439887557 0.984454747487 -5.04218154693 0.171439887557 0.984454747487
1.91618089828 -0.257516947027 0.417337545798 1.91618089828 -0.257516947027 0.417337545798
-3.24134950831 -1.06431564782 7.31174248589 -3.24134950831 -1.06431564782 7.31174248589
0.305996792494 0.226476966289 0.0752084420121 0.305996792494 0.226476966289 0.0752084420121
0.160697779422 -0.658388694005 -6.30004982439 0.160697779422 -0.658388694005 -6.30004982439
3.23598552085 -1.18229369921 0.414540300049 3.23598552085 -1.18229369921 0.414540300049
4.43657415335 0.969419738029 5.30329988223 4.43657415335 0.969419738029 5.30329988223
-1.79181064583 0.611598025298 0.856883720846 -1.79181064583 0.611598025298 0.856883720846
2.56758448827 -0.193458397096 -7.53996211591 2.56758448827 -0.193458397096 -7.53996211591
0.873915456728 -0.566489928452 -2.85988710457 1.03794334575 -0.668453417342 -2.54325218462
-4.64676851747 0.461897440278 4.44317582481 -4.64676851747 0.461897440278 4.44317582481
-1.21066009786 0.0157012372859 -0.901815674621 -1.21066009786 0.0157012372859 -0.901815674621
-6.12539584073 0.02432377294 0.894144090933 -6.12539584073 0.02432377294 0.894144090933
-1.78051666766 0.16677218241 3.22240462529 -1.78051666766 0.16677218241 3.22240462529
-1.3362982757 -0.805028971329 -4.60804735505 -1.3362982757 -0.805028971329 -4.60804735505
-0.333769146961 -1.26679000492 2.91900039681 -0.333769146961 -1.26679000492 2.91900039681
2.83578487853 0.511081710584 2.06692276091 2.83578487853 0.511081710584 2.06692276091
-1.04532400263 -0.135122508632 3.07044830076 -1.04532400263 -0.135122508632 3.07044830076
6.34765228422 -0.358111135233 -3.66382064518 6.34765228422 -0.358111135233 -3.66382064518
-0.0940580677167 -0.226237535149 1.37777075403 -0.303921332106 -0.444779024331 1.38647394894
1.49094388697 -0.259889598708 0.9182545488 1.49094388697 -0.259889598708 0.9182545488
1.44867895507 0.539066687202 2.11413467631 1.44867895507 0.539066687202 2.11413467631
-2.14448637572 -0.207233021878 3.74904404072 -2.14135925992 -0.0566493077775 3.71739259706
0.720762889748 -0.0188108064482 2.02454977007 0.720762889748 -0.0188108064482 2.02454977007
0.180569727641 0.482172460384 -1.83616647972 0.180569727641 0.482172460384 -1.83616647972
-4.98664666766 0.304151664373 -7.0464548922 -4.98664666766 0.304151664373 -7.0464548922
-6.13101177255 -0.553025068602 -2.00500901028 -6.13101177255 -0.553025068602 -2.00500901028
4.00089254436 0.356213644709 4.69136563614 4.00089254436 0.356213644709 4.69136563614
3.38656543182 -0.0104340554211 -0.962639600937 3.38656543182 -0.0104340554211 -0.962639600937
7.58362318351 0.0748667156928 -2.70782320593 7.58362318351 0.0748667156928 -2.70782320593
-2.88966752087 0.435552617875 -4.79008591234 -2.88966752087 0.435552617875 -4.79008591234
-1.16682944339 1.21749514919 -4.48479512048 -1.16682944339 1.21749514919 -4.48479512048
-0.792613301623 0.352823230488 1.25434703509 -0.792613301623 0.352823230488 1.25434703509
-1.76443890907 0.0230186260524 2.38078770924 -1.76443890907 0.0230186260524 2.38078770924
-5.016431565 0.877624249069 -4.6314317143 -5.016431565 0.877624249069 -4.6314317143
-1.81355704284 0.00847498820648 -6.80556016538 -1.81355704284 0.00847498820648 -6.80556016538
1.23639834682 0.527346122904 0.530613293672 1.23639834682 0.527346122904 0.530613293672
2.90835659822 -0.20831448639 -0.81231904924 2.90835659822 -0.20831448639 -0.81231904924
-4.49083481762 1.55216179447 1.08962386754 -4.49083481762 1.55216179447 1.08962386754
0.161017606654 0.21160328963 -2.72802351228 0.161017606654 0.21160328963 -2.72802351228
0.227968021369 0.708428141474 0.603501622608 0.227968021369 0.708428141474 0.603501622608
2.00927408429 -0.616644096432 -4.15652257502 2.00927408429 -0.616644096432 -4.15652257502
-6.10968320708 0.669550283742 -0.37290623653 -6.10968320708 0.669550283742 -0.37290623653
-4.12633099335 -0.512438760017 -2.06309197197 -4.12633099335 -0.512438760017 -2.06309197197
3.51182842849 0.221078210291 -5.2748398516 3.51182842849 0.221078210291 -5.2748398516
-0.692318992527 0.550826732222 4.66718071531 -0.692318992527 0.550826732222 4.66718071531
1.1494767563 -1.30780654041 7.08840665344 1.1494767563 -1.30780654041 7.08840665344
2.54423480681 -0.565340296133 2.71145873683 2.54423480681 -0.565340296133 2.71145873683
5.65378919099 -1.07327697994 2.48710451729 5.65378919099 -1.07327697994 2.48710451729
-0.293685849616 1.11951329001 -1.55974257406 -0.293685849616 1.11951329001 -1.55974257406
-2.70926794448 1.79759396188 -2.61555389386 -2.70926794448 1.79759396188 -2.61555389386
6.44244682596 -0.832927714724 2.92200144389 6.44244682596 -0.832927714724 2.92200144389
1.44298084883 0.0344888539971 -0.0543737514456 1.44298084883 0.0344888539971 -0.0543737514456
-3.63205808877 -0.50536390342 3.10825539171 -3.63205808877 -0.50536390342 3.10825539171
-0.448436877356 0.950338456038 -5.69650279756 -0.448436877356 0.950338456038 -5.69650279756
3.53429176004 0.384749482122 -2.27766939453 3.53429176004 0.384749482122 -2.27766939453
6.1533157775 0.0859204323162 -5.07829591576 6.1533157775 0.0859204323162 -5.07829591576
2.81903489307 -0.25666880433 -0.0539495242847 2.81903489307 -0.25666880433 -0.0539495242847
6.45346973156 -0.146334666959 1.67643043058 6.45346973156 -0.146334666959 1.67643043058
-1.38250197201 0.716539851266 -3.62873989101 -1.36486472226 0.768476340574 -3.79987351156
5.87909431291 -0.376284831576 3.17602226486 5.87909431291 -0.376284831576 3.17602226486
1.88059559166 0.746235446976 0.534348348511 1.79376698263 1.01069520224 0.325466744917
1.46371149702 0.919024974657 1.39518257211 1.14801492935 0.457778570491 1.46634727972
-2.14822282312 0.0237489827394 -1.85851305885 -2.14822282312 0.0237489827394 -1.85851305885
-1.54274738856 -0.683410005695 2.68614431803 -1.54274738856 -0.683410005695 2.68614431803
1.83683407848 -0.376014397536 0.447720673236 1.83683407848 -0.376014397536 0.447720673236
4.81485667989 -0.094455400613 -0.429511506013 4.81485667989 -0.094455400613 -0.429511506013
0.978838591689 0.429648204143 6.96158390982 0.978838591689 0.429648204143 6.96158390982
-0.60433305159 0.690278839603 -2.17479007762 -0.60433305159 0.690278839603 -2.17479007762
4.75794552946 0.365517722029 -2.85408248157 4.75794552946 0.365517722029 -2.85408248157
7.74739108658 -0.892291741553 5.0317934661 7.74739108658 -0.892291741553 5.0317934661
-1.995105249 0.0483905888073 3.6353956515 -1.995105249 0.0483905888073 3.6353956515
5.86008307555 1.36016981558 3.31617592898 5.86008307555 1.36016981558 3.31617592898
0.604914651134 1.01351518347 -2.18209039385 0.604914651134 1.01351518347 -2.18209039385
2.25941233912 -0.0219083393762 -2.64254579559 2.14183570856 0.198868906828 -2.70971646843
-2.37479329987 0.460491367424 2.38318942551 -2.37479329987 0.460491367424 2.38318942551
1.61090532175 -0.325035016709 -2.25025538397 1.61090532175 -0.325035016709 -2.25025538397
-2.16828282158 -0.33973952473 -1.44328889257 -2.16828282158 -0.33973952473 -1.44328889257
-3.43343761901 1.03880775567 8.12608841393 -3.43343761901 1.03880775567 8.12608841393
1.39464835274 1.01474626832 0.607045725215 1.39464835274 1.01474626832 0.607045725215
1.84186993289 -0.056958942742 -2.12093612602 1.84186993289 -0.056958942742 -2.12093612602
1.56875522964 -0.449388116784 0.11558881414 1.63137723267 -0.329809089779 0.428739721023
0.083173844988 0.124052368044 0.267949690569 0.083173844988 0.124052368044 0.267949690569
4.59827736836 -0.445948411569 -1.70766686104 4.59827736836 -0.445948411569 -1.70766686104
4.20930976834 0.754310460395 2.84684865825 4.20930976834 0.754310460395 2.84684865825
0.199297889586 0.47969374524 1.06282767869 0.199297889586 0.47969374524 1.06282767869
-4.04785513372 0.768101253676 -1.44494715972 -4.04785513372 0.768101253676 -1.44494715972
2.60882132073 -0.297900821721 5.31516020522 2.60882132073 -0.297900821721 5.31516020522
-1.43417298841 0.382551305244 -5.94068423296 -1.43417298841 0.382551305244 -5.94068423296
-0.42488262916 -0.434337358565 -0.467127365406 -0.42488262916 -0.434337358565 -0.467127365406
4.94747477362 -0.379022866268 -6.0460460134 4.94747477362 -0.379022866268 -6.0460460134
-5.33061852109 0.317482773911 -2.02142504557 -5.33061852109 0.317482773911 -2.02142504557
-3.15646552027 0.237897306042 0.192893724162 -3.15646552027 0.237897306042 0.192893724162
6.86947242036 1.25369645782 0.357684790383 6.86947242036 1.25369645782 0.357684790383
-1.76779854938 0.69110104727 0.934997578898 -1.76779854938 0.69110104727 0.934997578898
-2.10796768214 0.0557650785856 0.920569470004 -2.12355537945 0.123817986496 0.671058563783
-1.73817865535 1.1509148548 1.09879661562 -1.73817865535 1.1509148548 1.09879661562
1.04576501844 1.03130303212 2.18345580867 1.04576501844 1.03130303212 2.18345580867
4.77710124191 0.648823178703 -3.13293733588 4.77710124191 0.648823178703 -3.13293733588
1.72831391246 -0.690632356027 -1.23870641519 1.72831391246 -0.690632356027 -1.23870641519
-1.61327582685 -0.858126316269 4.11952285763 -1.61327582685 -0.858126316269 4.11952285763
-1.86971291748 -1.23306555219 -8.35038534179 -1.86971291748 -1.23306555219 -8.35038534179
1.71338210266 0.448550150273 -0.170706929116 1.71338210266 0.448550150273 -0.170706929116
2.12267824413 1.14253149303 -1.715274808 2.12267824413 1.14253149303 -1.715274808
1.56523480871 0.119234821831 -1.85560768525 1.56523480871 0.119234821831 -1.85560768525
5.7358068908 0.702191003258 -4.15215108209 5.7358068908 0.702191003258 -4.15215108209
2.94900172036 -0.573647162523 2.88657037948 2.94900172036 -0.573647162523 2.88657037948
-1.98373571858 -0.350110238824 -2.15451790873 -1.98373571858 -0.350110238824 -2.15451790873
0.129930624052 0.401385513433 3.79449896638 0.129930624052 0.401385513433 3.79449896638
-6.5934691081 0.675782927202 4.60194008915 -6.5934691081 0.675782927202 4.60194008915
3.57703915159 0.862325925404 -2.80191363676 3.57703915159 0.862325925404 -2.80191363676
0.353061665995 1.54129361239 4.48522079952 0.353061665995 1.54129361239 4.48522079952
-0.230157162022 0.015600107119 -3.23935483509 -0.230157162022 0.015600107119 -3.23935483509
-3.36472616844 -0.00523366152762 0.901438206253 -3.36472616844 -0.00523366152762 0.901438206253
-3.51624250989 -0.0737406086445 9.27098960972 -3.51624250989 -0.0737406086445 9.27098960972
5.23845587777 0.398513991212 3.54729181131 5.23845587777 0.398513991212 3.54729181131
-2.23842542053 -0.813338585897 3.75838323269 -2.23842542053 -0.813338585897 3.75838323269
-3.60772584515 -0.211254673914 0.0710727416292 -3.60772584515 -0.211254673914 0.0710727416292
-1.65680240261 -0.332662749459 -0.685158734622 -1.65680240261 -0.332662749459 -0.685158734622
-3.85861917901 0.0326391143167 0.140383030661 -3.85861917901 0.0326391143167 0.140383030661
2.72600005764 -0.329630006925 -1.4763436939 2.72600005764 -0.329630006925 -1.4763436939
-6.30769565483 0.113611199498 2.8242328597 -6.30769565483 0.113611199498 2.8242328597
3.06072064788 0.0879306603469 2.63347845987 3.06072064788 0.0879306603469 2.63347845987
-5.52211722936 -0.173407292986 -2.02493639587 -5.52211722936 -0.173407292986 -2.02493639587
-2.64655362389 0.174773153285 0.72947888094 -2.64655362389 0.174773153285 0.72947888094
1.41513603203 0.845685422449 -5.50746263416 1.41513603203 0.845685422449 -5.50746263416
0.27960193294 0.516960650676 4.53388342042 0.27960193294 0.516960650676 4.53388342042
1.21101072064 0.395526072544 2.70173268277 1.21101072064 0.395526072544 2.70173268277
-4.42882974651 1.59842180937 1.38459269373 -4.42882974651 1.59842180937 1.38459269373
1.14801492935 0.457778570491 1.46634727972 1.46371149702 0.919024974657 1.39518257211
4.44848024445 0.993851151531 -0.217363073722 4.44848024445 0.993851151531 -0.217363073722
5.29589395976 -0.186710676203 -3.97867800226 5.29589395976 -0.186710676203 -3.97867800226
-2.48357373571 0.0676318157604 1.69769418095 -2.48357373571 0.0676318157604 1.69769418095
-3.23735499425 0.242418672013 1.46440846328 -3.23735499425 0.242418672013 1.46440846328
1.92619174107 -0.0529382034881 -0.0116090088989 1.92619174107 -0.0529382034881 -0.0116090088989
4.15217094564 0.779158652396 -3.80674426217 4.15217094564 0.779158652396 -3.80674426217
1.11104273251 -0.528131029108 -6.68719235731 1.11104273251 -0.528131029108 -6.68719235731
3.58420223237 -0.333078435473 -5.69996550487 3.58420223237 -0.333078435473 -5.69996550487
3.94678339501 0.128832264196 1.95802996833 3.94678339501 0.128832264196 1.95802996833
2.22973802251 -0.235760925451 0.598532675796 1.62859963218 -0.132265580483 0.487845070281
0.224873467579 0.20112573218 0.334784262095 0.224873467579 0.20112573218 0.334784262095
0.305448693243 0.00917247493574 1.29835888347 0.559784623199 0.258941111249 1.51472684072
-2.74482173721 0.204546915607 -2.57076355768 -2.74482173721 0.204546915607 -2.57076355768
-0.540215393821 0.758071879418 -5.4696904709 -0.540215393821 0.758071879418 -5.4696904709
2.15408601019 -0.373269234268 -0.937827619199 2.15408601019 -0.373269234268 -0.937827619199
-2.24455402186 0.612607994442 0.545292427013 -2.12404039108 0.76453582796 0.626104804534
0.197675504978 0.174422512528 0.759312285413 0.197675504978 0.174422512528 0.759312285413
0.984725021287 0.199391433096 2.63671352688 0.984725021287 0.199391433096 2.63671352688
-1.24131666205 0.745055222881 1.888006959 -1.24131666205 0.745055222881 1.888006959
-4.41467655873 0.290975133878 -1.22057151612 -4.41467655873 0.290975133878 -1.22057151612
-0.887454225101 1.06298538462 5.27589502842 -0.887454225101 1.06298538462 5.27589502842
-2.54326123602 -0.0236774019551 0.173334361426 -2.54326123602 -0.0236774019551 0.173334361426
1.00592880121 1.05101402762 -1.00093741638 1.00592880121 1.05101402762 -1.00093741638
2.52039682287 -0.259153070517 0.574342794931 2.52039682287 -0.259153070517 0.574342794931
3.73704716881 0.119675708459 -0.224845279493 3.73704716881 0.119675708459 -0.224845279493
-0.0989200635139 -0.154989693209 0.837539192507 -0.0989200635139 -0.154989693209 0.837539192507
4.18529832872 0.716222900378 -6.06906192081 4.18529832872 0.716222900378 -6.06906192081
0.903384309623 -0.12835946043 -0.28641159803 0.903384309623 -0.12835946043 -0.28641159803
1.11868399608 -0.483293576876 -3.44755048747 1.11868399608 -0.483293576876 -3.44755048747
8.64715840283 0.117409615355 0.414435150506 8.64715840283 0.117409615355 0.414435150506
-1.82767275748 -0.226312449575 -4.24600919738 -1.82767275748 -0.226312449575 -4.24600919738
-4.34476979928 0.106848547005 1.02247914095 -4.34476979928 0.106848547005 1.02247914095
4.18844512954 -0.539592624251 0.694952978706 4.18844512954 -0.539592624251 0.694952978706
-2.12355537945 0.123817986496 0.671058563783 -2.24971471296 -0.17578334453 0.494313312019
-0.522731326089 -0.954315533939 4.12359175323 -0.522731326089 -0.954315533939 4.12359175323
0.0282447070049 -0.669398142857 3.88711167794 0.0282447070049 -0.669398142857 3.88711167794
-2.05098128335 -0.292788971591 -1.20340697788 -2.05098128335 -0.292788971591 -1.20340697788
5.01085489457 0.514649154327 -11.5374041197 5.01085489457 0.514649154327 -11.5374041197
4.66968097885 0.104725802886 1.35807003606 4.66968097885 0.104725802886 1.35807003606
7.65354509306 0.376722769101 0.157442243864 7.65354509306 0.376722769101 0.157442243864
-8.13541045742 -0.782754969428 -5.2219127583 -8.13541045742 -0.782754969428 -5.2219127583
-4.55650028211 -0.314751474634 -2.31603144468 -4.55650028211 -0.314751474634 -2.31603144468
0.571567235984 -1.53570229061 -6.53413639971 0.571567235984 -1.53570229061 -6.53413639971
2.89356953672 1.29125810214 -3.7063211101 2.89356953672 1.29125810214 -3.7063211101
2.24564228917 1.39817474859 -3.62399798695 2.24564228917 1.39817474859 -3.62399798695
7.0348273326 0.20828356924 -3.77606596193 7.0348273326 0.20828356924 -3.77606596193
-10.8683847378 1.16564661572 0.617200856912 -10.8683847378 1.16564661572 0.617200856912
-2.18929307186 0.476171013889 0.837078047588 -2.35245753944 0.883323003005 0.786676247792
-7.14260125466 0.271312297938 -3.71785352356 -7.14260125466 0.271312297938 -3.71785352356
2.50485129029 2.64612794525 0.917573080355 2.50485129029 2.64612794525 0.917573080355
-0.45024751313 -0.148509407554 -2.98995127874 -0.45024751313 -0.148509407554 -2.98995127874
-5.52894006056 -0.1195720666 3.31762812879 -5.52894006056 -0.1195720666 3.31762812879
2.81431478442 0.357084085136 -1.1300223343 2.81431478442 0.357084085136 -1.1300223343
0.242243641702 -0.172447303518 3.23599765948 0.242243641702 -0.172447303518 3.23599765948
0.292540773146 1.707719703 2.53189220865 0.292540773146 1.707719703 2.53189220865
2.3038975794 -0.215422790567 -1.65060155345 2.3038975794 -0.215422790567 -1.65060155345
2.97312342706 -0.3115167402 5.65336907221 2.97312342706 -0.3115167402 5.65336907221
0.262402535169 -0.670240269679 -3.73608948004 0.262402535169 -0.670240269679 -3.73608948004
3.84268209581 0.693028294509 6.69136964676 3.84268209581 0.693028294509 6.69136964676
-1.76396428469 1.1562293249 -0.638154338325 -1.76396428469 1.1562293249 -0.638154338325
6.3782939296 0.274760752743 -0.892317288442 6.3782939296 0.274760752743 -0.892317288442
0.0148993222625 -0.585379295717 1.69582968242 0.0148993222625 -0.585379295717 1.69582968242
4.31277014817 -0.450980474037 2.80959846429 4.31277014817 -0.450980474037 2.80959846429
-4.28990092073 -0.143477826271 -0.273801753468 -4.28990092073 -0.143477826271 -0.273801753468
2.56987503327 -0.0813992958307 -0.618912300779 2.56987503327 -0.0813992958307 -0.618912300779
-0.958664596797 0.101724247815 -1.60944255893 -0.958664596797 0.101724247815 -1.60944255893
2.46376995418 0.124230601986 -0.89319057336 2.46376995418 0.124230601986 -0.89319057336
1.32371772816 -0.027957297521 -2.37788055783 1.32371772816 -0.027957297521 -2.37788055783
-1.9922628114 -0.717848294158 5.62273487204 -1.9922628114 -0.717848294158 5.62273487204
-0.742031128662 0.395807066161 -2.5765227527 -0.742031128662 0.395807066161 -2.5765227527
0.543253302367 -0.172745240663 0.139733727378 0.543253302367 -0.172745240663 0.139733727378
-4.69998773907 -0.047202980395 1.54198796673 -4.69998773907 -0.047202980395 1.54198796673
1.17855572496 0.186827521406 1.32800654596 1.17855572496 0.186827521406 1.32800654596
-1.96266338383 0.331358689725 4.49465099428 -1.96266338383 0.331358689725 4.49465099428
7.63349359963 -0.177468338899 -2.91682462308 7.63349359963 -0.177468338899 -2.91682462308
3.50560914516 -0.392713559078 0.536993772075 3.50560914516 -0.392713559078 0.536993772075
5.97087886656 0.0478426180645 2.68604455926 5.97087886656 0.0478426180645 2.68604455926
-5.83813944069 0.407730328613 4.48152966823 -5.83813944069 0.407730328613 4.48152966823
4.39350941006 -0.402548256896 -4.12443202633 4.39350941006 -0.402548256896 -4.12443202633
-4.09331891499 -1.03518703794 0.549566856787 -4.09331891499 -1.03518703794 0.549566856787
-0.741278724116 0.646478797088 3.04135828448 -0.741278724116 0.646478797088 3.04135828448
-1.15542654801 -0.8779710902 -3.03412077161 -1.15542654801 -0.8779710902 -3.03412077161
-1.34049950243 -0.47781917341 -1.02982735134 -1.34049950243 -0.47781917341 -1.02982735134
1.60192376048 -0.307661705419 4.48770754637 1.60192376048 -0.307661705419 4.48770754637
-2.13848714423 0.888995740728 2.74775638896 -2.13848714423 0.888995740728 2.74775638896
-3.33953060577 1.9208363789 -3.56715932982 -3.33953060577 1.9208363789 -3.56715932982
1.59828563559 -0.280687680666 2.84872816773 1.59828563559 -0.280687680666 2.84872816773
1.28908934526 0.0730404037324 2.67428830659 1.28908934526 0.0730404037324 2.67428830659
-1.3463318806 -0.657172921532 -6.65407234623 -1.3463318806 -0.657172921532 -6.65407234623
-4.71443842393 0.272417111153 -0.116170628732 -4.71443842393 0.272417111153 -0.116170628732
-2.28361705702 -0.52033193617 -6.70326255415 -2.28361705702 -0.52033193617 -6.70326255415
1.23343031436 0.169434477012 1.1492807345 1.23343031436 0.169434477012 1.1492807345
1.34639669319 0.399846244114 2.09029339374 1.34639669319 0.399846244114 2.09029339374
2.677224817 -0.504541200005 1.02769312216 2.677224817 -0.504541200005 1.02769312216
-2.6421513642 -0.175097529018 -4.41839983804 -2.6421513642 -0.175097529018 -4.41839983804
-2.60424877986 0.593505506039 4.38807214049 -2.60424877986 0.593505506039 4.38807214049
6.19957064757 -1.4394998076 -2.60472517433 6.19957064757 -1.4394998076 -2.60472517433
-0.0340757699259 0.600543485022 -2.5353660875 -0.0340757699259 0.600543485022 -2.5353660875
-3.1319922613 0.0704857187741 -3.57901164851 -3.1319922613 0.0704857187741 -3.57901164851
-1.05169934673 -0.522094908477 -6.07752531684 -1.05169934673 -0.522094908477 -6.07752531684
-9.44934613135 -0.117875573441 -6.42324197039 -9.44934613135 -0.117875573441 -6.42324197039
-4.08203858365 -0.215068285127 -0.471674359748 -4.08203858365 -0.215068285127 -0.471674359748
4.67315478374 -0.0951734657116 1.58369495984 4.67315478374 -0.0951734657116 1.58369495984
5.56223696722 0.402969686548 3.52300283913 5.56223696722 0.402969686548 3.52300283913
2.43388536568 -0.262488364288 4.6351463011 2.43388536568 -0.262488364288 4.6351463011
-0.694762234038 0.933165377158 -4.51760359964 -0.694762234038 0.933165377158 -4.51760359964
-0.692144970706 -0.120390333163 3.22983244946 -0.692144970706 -0.120390333163 3.22983244946
1.35045328292 -0.805110502657 -1.88378949854 1.35045328292 -0.805110502657 -1.88378949854
-1.06508806087 -0.159749510225 3.90788579051 -1.06508806087 -0.159749510225 3.90788579051
3.35356222785 -1.51758046301 -1.42069888735 3.35356222785 -1.51758046301 -1.42069888735
6.97260250868 -0.455099166822 -1.87613067225 6.97260250868 -0.455099166822 -1.87613067225
-2.63510762552 1.19804902039 -0.96320073131 -2.63510762552 1.19804902039 -0.96320073131
3.03841931967 0.0887562480127 0.604537015987 3.03841931967 0.0887562480127 0.604537015987
3.59976286917 -0.482647640588 1.41318465215 3.59976286917 -0.482647640588 1.41318465215
1.76878981873 -0.265761476805 -1.22154017467 1.76878981873 -0.265761476805 -1.22154017467
-4.63581704333 -0.077920909558 3.91160564291 -4.63581704333 -0.077920909558 3.91160564291
-1.86126032129 -1.22007548207 -3.33237032999 -1.86126032129 -1.22007548207 -3.33237032999
-6.50900715001 -1.15389596194 -3.09569997515 -6.50900715001 -1.15389596194 -3.09569997515
-1.80413784741 -0.595212470046 -2.31144084019 -1.80413784741 -0.595212470046 -2.31144084019
-4.54846275101 0.512729222416 -1.33648766316 -4.54846275101 0.512729222416 -1.33648766316
-1.16656575704 1.58368274575 -2.38286903547 -1.16656575704 1.58368274575 -2.38286903547
-4.03799387986 -0.272760140325 1.04431805747 -4.03799387986 -0.272760140325 1.04431805747
5.51667332198 0.805316377818 4.16422558086 5.51667332198 0.805316377818 4.16422558086
-5.65779575146 -0.593260851185 0.431104784494 -5.65779575146 -0.593260851185 0.431104784494
2.14183570856 0.198868906828 -2.70971646843 2.25941233912 -0.0219083393762 -2.64254579559
-0.541251430789 -0.923317385301 2.63978881245 -0.541251430789 -0.923317385301 2.63978881245
1.52102394651 0.542362205629 3.18935572228 1.52102394651 0.542362205629 3.18935572228
3.90732412287 -0.436091653484 2.53671109274 3.90732412287 -0.436091653484 2.53671109274
0.694077165188 0.527776407051 -5.17338792894 0.694077165188 0.527776407051 -5.17338792894
-1.44516327169 0.399606218305 -5.35892337246 -1.44516327169 0.399606218305 -5.35892337246
6.36613378787 1.75055847738 -4.25349448734 6.36613378787 1.75055847738 -4.25349448734
3.81266174897 0.0220016201096 2.1714064893 3.81266174897 0.0220016201096 2.1714064893
-1.14943505712 0.542360650186 4.03069739528 -1.14943505712 0.542360650186 4.03069739528
-2.35735871627 -0.440319745526 -1.25754301962 -2.35735871627 -0.440319745526 -1.25754301962
9.62618024504 -0.596342918761 1.07845146662 9.62618024504 -0.596342918761 1.07845146662
2.95372577641 -0.402034730501 -1.32616867726 2.95372577641 -0.402034730501 -1.32616867726
-3.39736696441 0.499715608579 1.41948931411 -3.39736696441 0.499715608579 1.41948931411
4.58385809234 -1.54669679744 3.98093367995 4.58385809234 -1.54669679744 3.98093367995
-1.48857869933 1.36412724329 -5.97409041308 -1.48857869933 1.36412724329 -5.97409041308
-0.388849527207 -0.667411181085 3.00169006758 -0.388849527207 -0.667411181085 3.00169006758
-3.05530554681 -0.646206769976 0.1392545633 -3.05530554681 -0.646206769976 0.1392545633
-1.45430242352 0.445074431699 -1.33017105419 -1.45430242352 0.445074431699 -1.33017105419
0.264954347244 -0.985975961602 1.42517610876 0.264954347244 -0.985975961602 1.42517610876
-3.7778096375 -0.800980912339 0.203660570781 -3.7778096375 -0.800980912339 0.203660570781
-0.637257392478 -0.104967627232 6.24274688021 -0.637257392478 -0.104967627232 6.24274688021
2.65112989731 0.704984350492 3.92339393525 2.65112989731 0.704984350492 3.92339393525
-1.59582655868 1.05667464447 -0.160139640659 -1.59582655868 1.05667464447 -0.160139640659
-4.30942953863 -0.703048112848 0.39761689016 -4.30942953863 -0.703048112848 0.39761689016
2.22992518482 0.441625542255 -1.85748491245 2.22992518482 0.441625542255 -1.85748491245
-1.98009057163 0.968460995057 1.53760947388 -1.98009057163 0.968460995057 1.53760947388
-0.0989871567603 -1.59811932041 3.65293910527 -0.0989871567603 -1.59811932041 3.65293910527
-1.45654080891 -0.659800929703 -0.545375642164 -1.45654080891 -0.659800929703 -0.545375642164
-2.86784108487 -0.423080416266 0.406251675542 -2.86784108487 -0.423080416266 0.406251675542
1.78867740639 -0.261331321238 2.35450061084 1.78867740639 -0.261331321238 2.35450061084
3.77890389589 -0.286736713952 0.92455860133 3.77890389589 -0.286736713952 0.92455860133
0.393739038813 -0.149704889532 -3.08451634743 0.393739038813 -0.149704889532 -3.08451634743
-4.5234818532 0.506598987196 -0.816969565516 -4.5234818532 0.506598987196 -0.816969565516
-7.04962609952 -0.514668563933 6.1988766913 -7.04962609952 -0.514668563933 6.1988766913
1.60595565376 -1.37359174089 0.297146544625 1.60595565376 -1.37359174089 0.297146544625
7.38496897863 1.35959030675 -2.60731231767 7.38496897863 1.35959030675 -2.60731231767
-3.10088790962 0.258320945195 -3.08460428557 -3.10088790962 0.258320945195 -3.08460428557
-5.55146262962 0.952741641533 -2.47462097765 -5.55146262962 0.952741641533 -2.47462097765
3.33605811643 0.617130011414 6.21423941274 3.33605811643 0.617130011414 6.21423941274
2.0531880113 -0.671955543111 -7.12990337771 2.0531880113 -0.671955543111 -7.12990337771
-1.84855791121 0.281322048871 -2.19142875611 -1.84855791121 0.281322048871 -2.19142875611
-1.33798307515 0.0229815360692 -0.246903867294 -1.33798307515 0.0229815360692 -0.246903867294
-0.071291897259 0.859325409481 3.02605416959 -0.071291897259 0.859325409481 3.02605416959
2.16522553036 -0.303267111939 3.43318223821 2.16522553036 -0.303267111939 3.43318223821
3.45015191342 1.49874461585 -2.76225299953 3.45015191342 1.49874461585 -2.76225299953
-0.951528826935 0.286825415631 -0.958847987793 -0.951528826935 0.286825415631 -0.958847987793
0.03394032918 -0.729394119868 3.66845004611 0.03394032918 -0.729394119868 3.66845004611
-1.98688124642 -0.447334500755 -2.26493932152 -1.98688124642 -0.447334500755 -2.26493932152
1.93921892823 0.668480366377 -9.68842565016 1.93921892823 0.668480366377 -9.68842565016
-2.09573394281 -1.21667726545 -2.09145474196 -2.09573394281 -1.21667726545 -2.09145474196
-4.56188731452 -1.36367582285 4.97468191195 -4.56188731452 -1.36367582285 4.97468191195
4.07347448983 0.22877306695 -4.10657844346 4.07347448983 0.22877306695 -4.10657844346
-1.78509328168 0.154414423226 -1.33925374826 -1.78509328168 0.154414423226 -1.33925374826
4.56070560433 -0.715831661107 0.810561281713 4.56070560433 -0.715831661107 0.810561281713
-3.42125547086 -0.239893248924 1.81197788743 -4.06423677679 -0.0478650521877 1.73274768167
2.17934878043 -0.35518536186 9.27602684104 2.17934878043 -0.35518536186 9.27602684104
2.10502583139 1.05471840702 -2.33089799556 2.10502583139 1.05471840702 -2.33089799556
0.0622448498548 0.616769244936 -5.34177443889 0.0622448498548 0.616769244936 -5.34177443889
3.6993994863 0.382173410233 -1.19200793829 3.39065028568 0.691475898225 -0.871166304502
2.86977728082 -0.203141363345 3.8985363094 2.86977728082 -0.203141363345 3.8985363094
0.429907706507 -0.765271743385 -3.29462030698 0.429907706507 -0.765271743385 -3.29462030698
-5.24105513992 -0.158065226687 1.1205632957 -5.24105513992 -0.158065226687 1.1205632957
-4.42597347964 -1.03070170293 -1.41911300641 -4.42597347964 -1.03070170293 -1.41911300641
2.49501874523 1.53774725911 -2.76578189952 2.49501874523 1.53774725911 -2.76578189952
-0.0610974637023 -1.19960247815 0.236541237019 -0.0610974637023 -1.19960247815 0.236541237019
-7.48429821942 -0.148823438647 -1.54505240217 -7.48429821942 -0.148823438647 -1.54505240217
0.891303957706 -0.469683847776 -7.19840153665 0.891303957706 -0.469683847776 -7.19840153665
4.13736112559 0.120251667826 6.74807686356 4.13736112559 0.120251667826 6.74807686356
2.1320791303 0.541384724154 2.56272933213 2.1320791303 0.541384724154 2.56272933213
-11.1624332891 -1.58458205799 -0.783680699484 -11.1624332891 -1.58458205799 -0.783680699484
-6.18850354659 -0.0752087042708 3.02905580423 -6.18850354659 -0.0752087042708 3.02905580423
5.02834747645 -0.0453821184009 -4.84010959806 5.02834747645 -0.0453821184009 -4.84010959806
0.232504395378 -0.605617699069 1.14852501832 0.273021226102 -0.301373588891 1.11823413235
5.19193999009 -0.420787057232 3.52777149603 5.19193999009 -0.420787057232 3.52777149603
2.81473552086 0.565487336267 3.00591235344 2.81473552086 0.565487336267 3.00591235344
-5.20201641175 -0.442076620923 6.31231716484 -5.20201641175 -0.442076620923 6.31231716484
6.32346333978 -0.301271797312 0.804867828425 6.32346333978 -0.301271797312 0.804867828425
-6.93246895718 0.792789807757 -2.80503949065 -6.93246895718 0.792789807757 -2.80503949065
4.3447196908 -0.999152951636 -1.66057275971 4.3447196908 -0.999152951636 -1.66057275971
-0.0377709176665 0.0252136980924 3.78358578717 -0.0377709176665 0.0252136980924 3.78358578717
-2.28100700957 0.141053835441 -0.95181430957 -2.28100700957 0.141053835441 -0.95181430957
-6.76681141056 -0.259835459197 -0.727407546937 -6.76681141056 -0.259835459197 -0.727407546937
-0.0237021259956 -1.10806123742 5.19182335599 -0.0237021259956 -1.10806123742 5.19182335599
-2.33674945541 -0.0526735420512 1.22054738533 -2.40108314082 -0.155626052159 1.24883677849
-3.68287073316 1.8458288381 -0.99915971803 -3.68287073316 1.8458288381 -0.99915971803
-1.45041677085 0.121744757712 -2.81637078567 -1.45041677085 0.121744757712 -2.81637078567
-8.71919010949 -0.269685025637 -2.26602822106 -8.71919010949 -0.269685025637 -2.26602822106
-2.7552188261 -0.217384987745 -1.82544872458 -3.02089426393 0.173516055707 -1.84268605955
-5.98383890446 1.20477942289 -3.97867824474 -5.98383890446 1.20477942289 -3.97867824474
-1.7905326055 -0.380870883117 5.50862569499 -1.7905326055 -0.380870883117 5.50862569499
7.13946694635 0.565803161154 1.80352239293 7.13946694635 0.565803161154 1.80352239293
-0.9022673088 0.395931091859 -2.77691749295 -0.9022673088 0.395931091859 -2.77691749295
-2.81136149328 0.234831320748 2.83821704607 -2.81136149328 0.234831320748 2.83821704607
-5.02101731231 0.0885565368825 1.24139774632 -5.14819419759 0.149763228527 1.30417534319
-1.70621195779 1.46156035545 -6.06640527814 -1.70621195779 1.46156035545 -6.06640527814
-0.41766190114 -0.40867411125 -1.85832885325 -0.41766190114 -0.40867411125 -1.85832885325
6.36920786346 -0.595260867529 4.13922713684 6.36920786346 -0.595260867529 4.13922713684
0.2371673744 -0.345700577528 2.15022300461 0.2371673744 -0.345700577528 2.15022300461
-1.70346399529 -0.247605121466 3.66947587777 -1.70346399529 -0.247605121466 3.66947587777
3.40929043442 0.599172932845 1.88993841136 3.40929043442 0.599172932845 1.88993841136
-1.36486472226 0.768476340574 -3.79987351156 -1.38250197201 0.716539851266 -3.62873989101
2.95094824744 0.372173493745 -5.03152401157 2.95094824744 0.372173493745 -5.03152401157
-3.21690676182 0.556450167207 3.67315861571 -3.21690676182 0.556450167207 3.67315861571
3.48865345042 -0.777182389285 7.80256314547 3.48865345042 -0.777182389285 7.80256314547
-2.06893383026 -0.604715990082 -3.64149268668 -2.06893383026 -0.604715990082 -3.64149268668
-3.92688565474 -0.578176206496 -0.740267092529 -3.92688565474 -0.578176206496 -0.740267092529
-1.99973320859 0.640568966231 0.840850217356 -1.99973320859 0.640568966231 0.840850217356
3.58070757725 -0.550945952925 -2.26179923326 3.58070757725 -0.550945952925 -2.26179923326
-2.64996685193 0.103470961744 2.49601600862 -2.64996685193 0.103470961744 2.49601600862
8.02377940321 -0.760360459253 6.37460068176 8.02377940321 -0.760360459253 6.37460068176
-5.11031677989 -0.114829071539 0.906341926318 -5.11031677989 -0.114829071539 0.906341926318
0.797942906706 -0.641339474031 0.281701492306 0.797942906706 -0.641339474031 0.281701492306
0.211095959952 -0.54317698235 -2.74812692178 0.211095959952 -0.54317698235 -2.74812692178
-1.51262423042 -0.5457167664 0.613560532331 -1.51262423042 -0.5457167664 0.613560532331
1.58529388383 -0.155566715414 -2.06297864949 1.58529388383 -0.155566715414 -2.06297864949
4.27070840998 -0.126025421096 -2.6416978599 4.27070840998 -0.126025421096 -2.6416978599
2.68201585353 -0.211541424489 -1.89006502087 2.68201585353 -0.211541424489 -1.89006502087
-1.06224201484 0.0592774173371 -4.90134284179 -1.06224201484 0.0592774173371 -4.90134284179
-0.786190471526 -0.367953325726 5.70730203033 -0.786190471526 -0.367953325726 5.70730203033
-3.92382202135 0.284942445424 6.14916040888 -3.92382202135 0.284942445424 6.14916040888
-0.660141308222 -0.679968259927 3.35139602254 -0.660141308222 -0.679968259927 3.35139602254
2.33953805757 0.87218776754 0.59941621489 2.33953805757 0.87218776754 0.59941621489
1.39205050222 -0.571045973922 0.868459146406 1.39205050222 -0.571045973922 0.868459146406
-3.64898618728 0.350978767356 2.01252056665 -3.75877112301 0.221583015924 2.39193557365
1.19939016245 -0.698982060991 -2.97254522272 1.19939016245 -0.698982060991 -2.97254522272
-3.96056125319 0.185562786942 4.14930634938 -3.96056125319 0.185562786942 4.14930634938
2.46332380473 -0.625874592193 3.42761831958 2.46332380473 -0.625874592193 3.42761831958
1.53939734176 0.749850258117 -0.68062188036 1.53440770546 0.86842755434 -0.338016014684
-1.83392952707 -0.124406379373 0.196967201987 -1.83392952707 -0.124406379373 0.196967201987
2.42208408178 0.0640738169571 -0.240776397934 2.42208408178 0.0640738169571 -0.240776397934
3.85293318304 -0.539222489662 -1.71389192129 3.85293318304 -0.539222489662 -1.71389192129
2.65254935721 -0.901403263153 2.60735574369 2.65254935721 -0.901403263153 2.60735574369
2.1911292722 0.893862460216 -2.56043173069 2.1911292722 0.893862460216 -2.56043173069
3.74550193616 1.04644935404 -1.59364246325 3.74550193616 1.04644935404 -1.59364246325
3.85281190108 -0.0965992275496 -2.46906560472 3.85281190108 -0.0965992275496 -2.46906560472
5.3722005535 -0.113606627868 -5.4635821859 5.3722005535 -0.113606627868 -5.4635821859
1.32834711018 0.175190638697 4.42813792354 1.32834711018 0.175190638697 4.42813792354
0.275203582302 -1.07729287862 2.33450541218 0.275203582302 -1.07729287862 2.33450541218
-2.61428876838 0.0331142908914 4.10267238288 -2.61428876838 0.0331142908914 4.10267238288
-2.03401411249 0.311058033682 1.57542097536 -2.03401411249 0.311058033682 1.57542097536
2.15895345634 -0.689429067873 -4.30641326747 2.15895345634 -0.689429067873 -4.30641326747
1.22255757374 -0.342549274738 -5.80840251983 1.22255757374 -0.342549274738 -5.80840251983
-1.74111023839 1.3651783234 -5.02701051323 -1.74111023839 1.3651783234 -5.02701051323
-2.61588703881 -0.86527932818 -6.51888120191 -2.61588703881 -0.86527932818 -6.51888120191
3.71900578135 -0.529747244874 3.02244275577 3.71900578135 -0.529747244874 3.02244275577
-5.55559548714 -0.679573618558 2.64671462771 -5.55559548714 -0.679573618558 2.64671462771
0.224416004626 0.00837572193392 4.60702385077 0.224416004626 0.00837572193392 4.60702385077
-0.760713077028 0.340675193916 2.67556477472 -0.760713077028 0.340675193916 2.67556477472
0.358121009274 -0.668032738572 -2.3877758713 0.358121009274 -0.668032738572 -2.3877758713
-3.3212371293 -1.13977978672 2.74668030381 -3.3212371293 -1.13977978672 2.74668030381
0.394070496876 0.315871185565 3.28563503822 0.394070496876 0.315871185565 3.28563503822
-0.583541741934 -1.12976010057 2.61189532913 -0.583541741934 -1.12976010057 2.61189532913
-1.3427511228 -0.512476603046 -2.81768084031 -1.3427511228 -0.512476603046 -2.81768084031
-3.33718117352 -0.735412069218 -2.20105538683 -3.33718117352 -0.735412069218 -2.20105538683
4.52051669901 0.283157313771 -3.70552873017 4.52051669901 0.283157313771 -3.70552873017
0.0590846877323 0.745534367788 -2.34229165076 0.0590846877323 0.745534367788 -2.34229165076
0.454587757663 -0.499044981716 1.25900006627 0.454587757663 -0.499044981716 1.25900006627
0.715072405475 0.397255824932 -3.52177033912 0.715072405475 0.397255824932 -3.52177033912
3.35926954121 -0.63546800284 -0.206293645593 3.35926954121 -0.63546800284 -0.206293645593
1.11371563315 -0.346535315308 -0.797424256229 1.11371563315 -0.346535315308 -0.797424256229
-0.343094573353 -0.220594975267 0.105570986991 -0.343094573353 -0.220594975267 0.105570986991
1.67899354502 0.688519826262 -3.79665595474 1.67899354502 0.688519826262 -3.79665595474
1.02408363695 -0.55408832443 -2.23733154994 1.02408363695 -0.55408832443 -2.23733154994
0.284116965841 -1.1528720367 -3.88932795313 0.284116965841 -1.1528720367 -3.88932795313
1.95833501484 0.279244816781 -4.81511272267 1.95833501484 0.279244816781 -4.81511272267
0.499933623959 -0.914288623003 3.38094201882 0.499933623959 -0.914288623003 3.38094201882
-0.444655241934 -0.134857506663 1.01312398337 -0.444655241934 -0.134857506663 1.01312398337
-0.517582104118 0.137549068859 3.66368251743 -0.517582104118 0.137549068859 3.66368251743
-5.19577829947 0.667967956295 -0.0498706162956 -5.19577829947 0.667967956295 -0.0498706162956
-3.86692104626 1.21446295266 -3.6652003849 -3.86692104626 1.21446295266 -3.6652003849
5.79514260059 -0.0406017613846 -5.58450753085 5.79514260059 -0.0406017613846 -5.58450753085
1.10559506718 -0.210276448177 -3.86508573238 1.10559506718 -0.210276448177 -3.86508573238
0.16890506021 0.336914588007 3.10790420151 0.16890506021 0.336914588007 3.10790420151
-5.82617458732 0.776605054124 -9.36293134173 -5.82617458732 0.776605054124 -9.36293134173
6.11976506503 1.03908384646 2.05747504553 6.11976506503 1.03908384646 2.05747504553
7.36970621507 0.623256040804 -1.20049546886 7.36970621507 0.623256040804 -1.20049546886
-3.52472880856 0.119069241388 -0.268633326941 -3.52472880856 0.119069241388 -0.268633326941
2.42931893867 -0.823102146464 6.27327531011 2.42931893867 -0.823102146464 6.27327531011
-4.20115547077 0.736826063784 -2.64994698811 -4.20115547077 0.736826063784 -2.64994698811
-1.01455944151 -0.521836530333 4.92317566616 -1.01455944151 -0.521836530333 4.92317566616
1.33397717177 -0.58437410427 -3.6071733721 1.33397717177 -0.58437410427 -3.6071733721
0.206373133192 -1.21159770621 0.0624067558144 0.206373133192 -1.21159770621 0.0624067558144
1.65742758468 -0.966684662019 0.444461267311 1.65742758468 -0.966684662019 0.444461267311
0.333969124862 0.661651442465 -2.67020027535 0.333969124862 0.661651442465 -2.67020027535
1.58903229939 0.351402819779 -5.20846464903 1.58903229939 0.351402819779 -5.20846464903
-2.06399597027 -0.0616331624967 4.64588364159 -2.06399597027 -0.0616331624967 4.64588364159
-6.43439627269 -0.588067516994 2.73723246774 -6.43439627269 -0.588067516994 2.73723246774
0.0887901484155 0.280246824136 -2.19243656314 -0.0553540141403 0.22335211812 -2.02968772575
4.02543062429 0.0238680695277 10.100464518 4.02543062429 0.0238680695277 10.100464518
0.752333068098 0.0106311028605 2.70623197215 0.752333068098 0.0106311028605 2.70623197215
3.57486296184 -0.745430845216 1.62670655561 3.57486296184 -0.745430845216 1.62670655561
-0.0684246359837 1.4394777707 4.3430141114 -0.0684246359837 1.4394777707 4.3430141114
-2.41984402656 -1.00903703602 3.41856703971 -2.41984402656 -1.00903703602 3.41856703971
5.60756302574 -0.739002324885 -2.48948667752 5.60756302574 -0.739002324885 -2.48948667752
5.71571642184 -0.601549064873 -3.19790445434 5.71571642184 -0.601549064873 -3.19790445434
1.99806972264 0.858859471227 -3.79541816319 1.99806972264 0.858859471227 -3.79541816319
-4.58317012559 -0.144723969788 -3.527465637 -4.58317012559 -0.144723969788 -3.527465637
-4.28652170532 1.11064976092 -0.0728270194992 -4.28652170532 1.11064976092 -0.0728270194992
-7.44821083878 0.418113768654 -6.85539161496 -7.44821083878 0.418113768654 -6.85539161496
-0.0565996638109 -0.361693510877 -6.42288411062 -0.0565996638109 -0.361693510877 -6.42288411062
-3.30678459201 -0.232162063318 2.25047589723 -3.30678459201 -0.232162063318 2.25047589723
2.30532702616 -0.204586911477 0.126673389645 2.30532702616 -0.204586911477 0.126673389645
-2.14867424771 -0.307837525155 8.35176964139 -2.14867424771 -0.307837525155 8.35176964139
-2.97161955499 -0.493018674466 -5.63585711481 -2.97161955499 -0.493018674466 -5.63585711481
-0.736276844328 -0.0333209228916 -1.21459963376 -0.736276844328 -0.0333209228916 -1.21459963376
1.45566745897 0.893510488551 5.32642063314 1.45566745897 0.893510488551 5.32642063314
-0.763264022394 0.281195938624 2.08038416588 -0.763264022394 0.281195938624 2.08038416588
2.14558244413 1.24652176651 1.40259507077 2.14558244413 1.24652176651 1.40259507077
0.279656655726 0.974244321438 -0.792861057626 0.279656655726 0.974244321438 -0.792861057626
3.06904674619 -0.800660796926 5.02600014305 3.06904674619 -0.800660796926 5.02600014305
5.37292833599 -0.248311952916 -0.976296143331 4.91097702951 -0.392918477012 -0.821870037595
-4.81135549691 0.664738613503 -0.138099080932 -4.81135549691 0.664738613503 -0.138099080932
-6.21020316047 -0.257021270433 -0.0543593397083 -6.21020316047 -0.257021270433 -0.0543593397083
-9.47364719778 0.368643969824 -0.302723352612 -9.47364719778 0.368643969824 -0.302723352612
-0.794207548918 -0.842835128732 -0.252259113115 -0.794207548918 -0.842835128732 -0.252259113115
-0.0354462795554 0.746556169375 1.29601621299 -0.0354462795554 0.746556169375 1.29601621299
-0.391475206318 0.993074214235 -0.865539300402 -0.391475206318 0.993074214235 -0.865539300402
3.25493888586 1.21134316464 6.26572025689 3.25493888586 1.21134316464 6.26572025689
4.00035005944 0.618927139387 -7.43985155567 4.00035005944 0.618927139387 -7.43985155567
3.85446933144 0.138994189627 -2.29439575964 3.85446933144 0.138994189627 -2.29439575964
2.49276405379 0.202872076241 1.16777031234 2.49276405379 0.202872076241 1.16777031234
-0.139609429627 -0.283885869981 5.62514878477 -0.139609429627 -0.283885869981 5.62514878477
5.41647033298 -0.426877098303 0.117047950547 5.31674244038 0.0387629553755 0.0691315039507
2.01389277014 0.598906128276 -0.269340400176 2.01389277014 0.598906128276 -0.269340400176
-5.88527436505 -0.21377309741 -0.296382557177 -5.88527436505 -0.21377309741 -0.296382557177
1.9056566953 -0.934888133488 6.93333602315 1.9056566953 -0.934888133488 6.93333602315
-2.61214188277 0.633284731831 -2.97934435669 -2.61214188277 0.633284731831 -2.97934435669
2.94848577621 -0.262284147308 1.77355389669 2.94848577621 -0.262284147308 1.77355389669
-4.22898766034 0.0959721302028 0.773471232231 -4.22898766034 0.0959721302028 0.773471232231
-0.528438841729 -0.660943354281 -1.28780783279 -0.528438841729 -0.660943354281 -1.28780783279
5.10589201056 -0.00723515775692 0.446716585683 5.10589201056 -0.00723515775692 0.446716585683
-0.0183510978702 -1.33733880079 3.91515104797 -0.0183510978702 -1.33733880079 3.91515104797
-2.08706505888 0.678013755072 1.52818204679 -2.08706505888 0.678013755072 1.52818204679
-1.52634341139 0.948115859978 -5.1455355061 -1.52634341139 0.948115859978 -5.1455355061
2.71764724179 -0.514433251096 2.50391274012 2.71764724179 -0.514433251096 2.50391274012
0.375290158719 -0.0872785782431 -3.66847762186 0.375290158719 -0.0872785782431 -3.66847762186
3.44893403622 1.25549548108 1.74314040092 3.44893403622 1.25549548108 1.74314040092
-2.97566846406 -0.845349441694 -1.42254087583 -2.97566846406 -0.845349441694 -1.42254087583
-4.35292814592 0.537999859622 -2.01294369795 -4.35292814592 0.537999859622 -2.01294369795
-0.749970352416 -0.719908231737 1.49930702586 -0.749970352416 -0.719908231737 1.49930702586
-2.33995199812 1.47749444397 -2.69268088485 -2.33995199812 1.47749444397 -2.69268088485
1.971600987 1.34970601755 0.207791969611 1.971600987 1.34970601755 0.207791969611
-1.13223833573 -0.0160948087004 -2.99544716661 -1.13223833573 -0.0160948087004 -2.99544716661
-3.53073079904 -0.72217408468 -0.893228818305 -3.53073079904 -0.72217408468 -0.893228818305
-0.866437617759 -0.0923331789219 -3.21876151687 -0.866437617759 -0.0923331789219 -3.21876151687
-5.11037773685 0.638788903866 -1.96704996224 -5.11037773685 0.638788903866 -1.96704996224
-4.54900195702 -0.0744036853561 -2.66462855698 -4.54900195702 -0.0744036853561 -2.66462855698
-5.01533102402 0.713407267982 1.80476482042 -5.01533102402 0.713407267982 1.80476482042
5.38184421584 0.427335040163 -1.34991618862 5.38184421584 0.427335040163 -1.34991618862
-3.4789731453 0.195784199081 -2.80017357978 -3.4789731453 0.195784199081 -2.80017357978
1.49487216802 0.0530727147482 -1.80226717797 1.49487216802 0.0530727147482 -1.80226717797
-6.68149709016 -0.310461570412 -5.66635939576 -6.68149709016 -0.310461570412 -5.66635939576
0.530992386345 0.432398784514 -3.736997415 0.530992386345 0.432398784514 -3.736997415
-2.98041474571 -0.737626387045 0.0601886645886 -2.98041474571 -0.737626387045 0.0601886645886
-2.12404039108 0.76453582796 0.626104804534 -2.24455402186 0.612607994442 0.545292427013
0.408809003116 -0.437394313664 -2.23794522725 0.408809003116 -0.437394313664 -2.23794522725
1.6138653243 -0.404284936594 -1.32071728043 1.6138653243 -0.404284936594 -1.32071728043
-4.60779640094 0.0373346560668 0.177769180812 -4.60779640094 0.0373346560668 0.177769180812
1.13311202629 -0.109536127927 5.96494834935 1.13311202629 -0.109536127927 5.96494834935
2.94111030281 -1.41574724301 4.89327979777 2.94111030281 -1.41574724301 4.89327979777
0.789079343794 0.120857275757 1.567640111 0.789079343794 0.120857275757 1.567640111
1.21685251025 0.235284300893 2.16682467755 1.21685251025 0.235284300893 2.16682467755
0.674543726043 -0.269378081997 -0.905448270654 0.674543726043 -0.269378081997 -0.905448270654
-0.926516263163 0.328018995029 2.82610055694 -0.926516263163 0.328018995029 2.82610055694
0.559784623199 0.258941111249 1.51472684072 0.305448693243 0.00917247493574 1.29835888347
-1.30112741922 -0.565314375489 -1.029685831 -1.30112741922 -0.565314375489 -1.029685831
0.237666213375 -0.46475052099 3.56822976533 0.237666213375 -0.46475052099 3.56822976533
-5.35261134532 1.59107437084 1.27778315339 -5.35261134532 1.59107437084 1.27778315339
-4.50014127253 1.19000434153 6.2557374503 -4.50014127253 1.19000434153 6.2557374503
-1.72537691021 -0.150041059231 4.45206729491 -1.72537691021 -0.150041059231 4.45206729491
3.39065028568 0.691475898225 -0.871166304502 3.6993994863 0.382173410233 -1.19200793829
1.24856351367 0.893756496271 -1.57260158115 1.24856351367 0.893756496271 -1.57260158115
0.698785395009 0.525082070492 -5.02240657122 0.698785395009 0.525082070492 -5.02240657122
-3.69020426125 0.536726194893 -2.39985816014 -3.69020426125 0.536726194893 -2.39985816014
1.53301603168 0.519908444598 -1.82163744818 1.53301603168 0.519908444598 -1.82163744818
-0.311387391456 -0.0216799239435 -9.73481735245 -0.311387391456 -0.0216799239435 -9.73481735245
0.2148182331 -0.381682137951 -1.14648733529 0.2148182331 -0.381682137951 -1.14648733529
-3.71657978116 -0.962256060356 0.570774281841 -3.71657978116 -0.962256060356 0.570774281841
-3.74429577774 -0.804844933224 -2.80836424033 -3.74429577774 -0.804844933224 -2.80836424033
-0.25463296361 0.510001870594 -3.7055894835 -0.25463296361 0.510001870594 -3.7055894835
-0.612792275827 1.13657570491 1.47435594746 -0.612792275827 1.13657570491 1.47435594746
-2.98251963763 -0.730744286802 -0.284861430764 -2.98251963763 -0.730744286802 -0.284861430764
-3.75877112301 0.221583015924 2.39193557365 -3.64898618728 0.350978767356 2.01252056665
2.23625626557 -0.414543031722 -2.15011626986 2.23625626557 -0.414543031722 -2.15011626986
-9.99465485496 0.176311970897 3.3925214349 -9.99465485496 0.176311970897 3.3925214349
5.87235833304 1.7692153965 -1.08207700026 5.87235833304 1.7692153965 -1.08207700026
0.679977875059 0.524515804169 -0.33139649673 0.679977875059 0.524515804169 -0.33139649673
0.960643966705 -0.13222152078 -4.23877585178 0.960643966705 -0.13222152078 -4.23877585178
2.39085719445 0.819286484396 0.189663184419 2.39085719445 0.819286484396 0.189663184419
5.06703992684 -0.166068613968 -4.06744840145 5.06703992684 -0.166068613968 -4.06744840145
3.854423546 0.40754876803 3.10152309958 3.854423546 0.40754876803 3.10152309958
3.80364006407 -0.493103700338 -2.22174528721 3.80364006407 -0.493103700338 -2.22174528721
-1.22915506247 0.921181295699 1.5186113987 -1.22915506247 0.921181295699 1.5186113987
-2.54453541344 -1.0767859079 -5.48325727434 -2.54453541344 -1.0767859079 -5.48325727434
1.50396339658 -0.836823510152 3.21022214287 1.50396339658 -0.836823510152 3.21022214287
-1.0979898925 -0.97029963279 1.51882231947 -1.0979898925 -0.97029963279 1.51882231947
-4.08613565629 0.37356359412 -0.772574356758 -4.08613565629 0.37356359412 -0.772574356758
-3.56934622248 -0.411751246533 -1.36108566223 -3.56934622248 -0.411751246533 -1.36108566223
2.3500417945 -0.187848091245 2.74371629638 2.3500417945 -0.187848091245 2.74371629638
4.06842804116 0.357252770315 -1.19671113077 4.06842804116 0.357252770315 -1.19671113077
2.79486411331 -0.68009908953 -4.39068899261 2.79486411331 -0.68009908953 -4.39068899261
3.99385879655 -0.0734298951318 4.2460846576 3.99385879655 -0.0734298951318 4.2460846576
-3.61221083988 0.0733653886777 0.0632644988231 -3.61221083988 0.0733653886777 0.0632644988231
-1.57873324553 -0.751644788324 -6.90724359939 -1.57873324553 -0.751644788324 -6.90724359939
2.75910088719 0.408311140128 -8.99587586639 2.75910088719 0.408311140128 -8.99587586639
-0.905976175824 0.439352374798 2.26780459511 -0.905976175824 0.439352374798 2.26780459511
5.68113963572 0.383518384839 -1.80747875176 5.68113963572 0.383518384839 -1.80747875176
2.26839318363 0.487351469063 -2.13912463465 2.26839318363 0.487351469063 -2.13912463465
2.83771761869 0.130495867146 -1.87561275103 2.83771761869 0.130495867146 -1.87561275103
-5.03034944314 1.31445257199 0.849635473765 -5.03034944314 1.31445257199 0.849635473765
2.38380826738 0.737688489674 1.05375172355 2.38380826738 0.737688489674 1.05375172355
3.16808043498 -0.594505429033 -4.65087466288 3.16808043498 -0.594505429033 -4.65087466288
-3.56300217136 -1.35046817267 0.46401893682 -3.56300217136 -1.35046817267 0.46401893682
2.47645898976 1.02190136772 -1.33022283096 2.47645898976 1.02190136772 -1.33022283096
-1.17602351987 0.0995489329134 -3.61956207218 -1.17602351987 0.0995489329134 -3.61956207218
-2.08749044049 1.53939861996 2.68679241579 -2.08749044049 1.53939861996 2.68679241579
3.01825016803 0.110813150231 -1.72948526581 3.52728926537 0.02671270362 -1.80893821482
4.91097702951 -0.392918477012 -0.821870037595 5.37292833599 -0.248311952916 -0.976296143331
-2.94810449405 0.730012929814 -3.05045553381 -2.94810449405 0.730012929814 -3.05045553381
0.0344657725929 -0.580125417138 -1.41610981091 0.0344657725929 -0.580125417138 -1.41610981091
-2.24140844764 1.70416788154 2.62930057843 -2.24140844764 1.70416788154 2.62930057843
4.84562173518 0.122263878853 3.15401199813 4.84562173518 0.122263878853 3.15401199813
1.40298566462 0.501458206497 0.239329347297 1.40298566462 0.501458206497 0.239329347297
-5.20760701294 -0.790503378949 -3.57712517356 -5.20760701294 -0.790503378949 -3.57712517356
3.79049240604 -0.896208094737 2.07489491616 3.79049240604 -0.896208094737 2.07489491616
1.87729916182 0.559739703089 -0.696780922906 1.87729916182 0.559739703089 -0.696780922906
-3.78432837171 0.110844581683 -0.837163573511 -3.78432837171 0.110844581683 -0.837163573511
1.97212675996 -1.01684150275 -3.66305616921 1.97212675996 -1.01684150275 -3.66305616921
-2.11899961867 1.95036007947 5.50722874687 -2.11899961867 1.95036007947 5.50722874687
2.31264092379 0.253980399543 4.77329605815 2.31264092379 0.253980399543 4.77329605815
-0.55084875906 -0.351516793251 -4.5212737902 -0.55084875906 -0.351516793251 -4.5212737902
4.32988159109 0.0556992671445 -3.34922983754 4.32988159109 0.0556992671445 -3.34922983754
2.30777456556 1.18744505417 -2.22065242198 2.30777456556 1.18744505417 -2.22065242198
-2.40108314082 -0.155626052159 1.24883677849 -2.33674945541 -0.0526735420512 1.22054738533
5.40882892126 0.640085141845 -1.66503775435 5.40882892126 0.640085141845 -1.66503775435
-2.93065521804 0.313670717849 -2.66154319805 -2.93065521804 0.313670717849 -2.66154319805
-5.14024993537 -0.990323869016 -1.91571670524 -5.14024993537 -0.990323869016 -1.91571670524
2.54689635399 -1.1732435143 -2.19561186166 2.54689635399 -1.1732435143 -2.19561186166
3.32793899641 0.000488908607862 -1.25856932874 3.32793899641 0.000488908607862 -1.25856932874
2.17473528048 -0.796365321137 -7.08158970681 2.17473528048 -0.796365321137 -7.08158970681
1.04209429363 0.5158141383 2.85347914714 1.04209429363 0.5158141383 2.85347914714
-1.94134406902 0.608384771382 -4.83361424261 -1.94134406902 0.608384771382 -4.83361424261
-3.4710549576 -0.61721319676 -0.700412114087 -3.4710549576 -0.61721319676 -0.700412114087
-0.85003744222 -0.329376004679 -1.74945154036 -0.85003744222 -0.329376004679 -1.74945154036
-1.84793984481 0.926981259315 -3.79293797841 -1.84793984481 0.926981259315 -3.79293797841
-2.85549968929 -1.03035646595 -3.53998965195 -2.85549968929 -1.03035646595 -3.53998965195
-2.36472888527 0.50955537691 -0.360178850645 -2.36472888527 0.50955537691 -0.360178850645
-4.41685957285 -0.282822369356 5.47928512459 -4.41685957285 -0.282822369356 5.47928512459
-0.890715632695 -0.22700376085 -0.84766520594 -0.890715632695 -0.22700376085 -0.84766520594
0.399684365825 -0.431921129114 -5.14825748275 0.462816439078 -0.523009728599 -5.14372396835
3.4046034599 -0.332773489211 4.34841381024 3.4046034599 -0.332773489211 4.34841381024
1.75879495461 -0.267503918921 2.15811587426 1.75879495461 -0.267503918921 2.15811587426
-3.96459011291 -0.575379614599 5.53777028017 -3.96459011291 -0.575379614599 5.53777028017
-0.96228576103 0.932135506024 0.666747077038 -0.96228576103 0.932135506024 0.666747077038
-4.43006216088 -0.502312501619 1.51188320183 -4.43006216088 -0.502312501619 1.51188320183
1.37839212554 -0.557565729327 -2.85581427021 1.37839212554 -0.557565729327 -2.85581427021
1.03794334575 -0.668453417342 -2.54325218462 0.873915456728 -0.566489928452 -2.85988710457
-4.71813454027 -0.0558070739811 -2.14707406513 -4.71813454027 -0.0558070739811 -2.14707406513
2.21178672722 -0.873192131535 -2.23892887943 2.21178672722 -0.873192131535 -2.23892887943
-1.47271468929 0.237386648799 4.25128981487 -1.47271468929 0.237386648799 4.25128981487
-0.447035875585 0.041458320411 -2.43206418299 -0.447035875585 0.041458320411 -2.43206418299
2.5126772931 -1.00843727833 -2.06623929785 2.5126772931 -1.00843727833 -2.06623929785
4.06814620928 -0.413382907864 0.1789516738 4.06814620928 -0.413382907864 0.1789516738
0.374698342679 -0.33730960477 -1.77428704951 0.374698342679 -0.33730960477 -1.77428704951
-6.22937218875 -0.0723317120684 1.36773702197 -6.22937218875 -0.0723317120684 1.36773702197
5.64811849441 0.072461100101 0.409014341798 5.64811849441 0.072461100101 0.409014341798
0.462108462349 0.734185415854 -4.01936645647 0.462108462349 0.734185415854 -4.01936645647
2.38372482257 -0.877877474647 3.55968822587 2.38372482257 -0.877877474647 3.55968822587
3.3634486466 0.758089006635 -2.66766740946 3.3634486466 0.758089006635 -2.66766740946
-1.77870907749 -0.98906410437 1.80319140053 -1.77870907749 -0.98906410437 1.80319140053
-7.43371719868 0.132057879843 -4.53773961922 -7.43371719868 0.132057879843 -4.53773961922
-0.991716016416 0.628997855889 1.16656051172 -0.991716016416 0.628997855889 1.16656051172
-5.47354428805 -0.156246040431 -4.75794046583 -5.47354428805 -0.156246040431 -4.75794046583
4.04798381316 0.754676049719 -0.513484052465 4.04798381316 0.754676049719 -0.513484052465
0.54601241709 -0.13566275079 3.49535328772 0.54601241709 -0.13566275079 3.49535328772
-3.87276068781 1.41315847606 -6.26637352993 -3.87276068781 1.41315847606 -6.26637352993
4.19850182865 0.160644518265 -3.14619275878 4.19850182865 0.160644518265 -3.14619275878
8.26035336477 -0.891349979895 -0.280074610077 8.26035336477 -0.891349979895 -0.280074610077
2.38123553563 -0.43583290515 8.3828583127 2.38123553563 -0.43583290515 8.3828583127
1.23175043903 0.574429915768 4.7244912627 1.23175043903 0.574429915768 4.7244912627
-5.73617886604 0.290385601561 5.34706822167 -5.73617886604 0.290385601561 5.34706822167
-5.12428876769 -0.330507717624 -2.6495418767 -5.12428876769 -0.330507717624 -2.6495418767
-1.16223828838 0.457756373998 3.20188980776 -1.16223828838 0.457756373998 3.20188980776
1.50021606468 0.342387932431 1.45471719118 1.50021606468 0.342387932431 1.45471719118
5.18617212314 -0.570041038314 2.34583674008 5.18617212314 -0.570041038314 2.34583674008
-5.94480348504 -0.456279093366 -4.23452847559 -5.94480348504 -0.456279093366 -4.23452847559
0.987258121956 0.792426594871 -4.10870916966 0.987258121956 0.792426594871 -4.10870916966
5.88801065676 0.38425841906 5.89410214935 5.88801065676 0.38425841906 5.89410214935
2.94002958771 0.217705604175 -4.14095262821 2.94002958771 0.217705604175 -4.14095262821
4.91064240874 -0.511090959807 1.69212830294 4.91064240874 -0.511090959807 1.69212830294
