0.312876296573 0.0712525316622 0.803533777733 0.0701322930594 0.105166893873 0.820113713293
-0.0718223805847 -0.264555155723 0.816219133861 -0.700126386429 0.504792241971 0.532772754326
2.01031691691 -0.163383586558 0.0204360739495 1.40247653577 -0.654511052792 0.312318134018
0.317602595395 -0.079141274913 -0.360946628289 0.375764030752 0.255232201765 -0.478205782059
-0.434634958867 0.0341538437449 0.974335479542 0.439418303944 -0.0951379951436 1.1031486867
0.0701322930594 0.105166893873 0.820113713293 -0.505931570662 -0.333250639601 0.709438109343
-0.136887570648 0.0647457961135 -1.35707766335 -0.0991314823109 0.143162865913 -1.30582533496
0.219958822224 0.268810535591 -5.5318817466 0.219958822224 0.268810535591 -5.5318817466
1.83556103205 -0.259311626368 0.380435735904 1.2194642049 0.0998755196304 0.67827035028
-3.16304283717 0.674132276366 -0.730298075973 -3.16304283717 0.674132276366 -0.730298075973
0.485924625677 -0.471301316385 0.107101763108 0.355537436168 -0.345666612481 0.641668000703
0.179925113466 -0.260176944271 -0.567986464244 0.458848300353 -0.163281197064 0.0988183276531
1.68884038014 -0.127797135683 1.01079664252 1.32372044515 0.0635979370271 0.707844866146
0.898404087431 -0.273079336156 -2.28004583964 0.898404087431 -0.273079336156 -2.28004583964
1.3441255256 -0.193773787689 -0.514148678943 1.3441255256 -0.193773787689 -0.514148678943
0.134963918979 -0.41251541123 -0.522924947184 0.279192526329 0.165372498127 -0.859699458022
-0.0978202851293 -0.348547205556 0.140140252517 0.319275061079 -0.0359637299834 0.589928367272
3.92075446484 0.518606003063 -1.87606455424 3.92075446484 0.518606003063 -1.87606455424
-0.680690947685 -0.446667951892 -0.504773968331 -0.809713490646 -0.0557189022809 -0.605852425538
3.48220493379 1.47727978727 -0.86365822654 3.48220493379 1.47727978727 -0.86365822654
5.47718281774 0.88175307124 -1.71821135797 5.47718281774 0.88175307124 -1.71821135797
-0.558849090206 0.0978085850645 1.15678386943 -0.567688313047 0.107325604029 1.09064503753
-1.46856754672 -0.805022805414 0.916419127666 -1.31126173401 -0.323293699149 0.855220059355
0.0161854166408 -0.394972221564 0.351133753407 -0.20456832521 -0.165950415779 0.608407970441
-0.493950757883 -0.353339422578 -0.503288453919 -0.0363642905132 0.0606957026892 -0.904941309996
-0.936558468406 0.0061897556937 0.922225140698 -0.586349424229 0.103513958713 0.812667011977
1.24072124623 -0.00361810120551 -0.0187191541653 1.24072124623 -0.00361810120551 -0.0187191541653
-0.682133365589 -0.4145966397 -0.124866835498 -0.634062844997 -0.259095716176 -0.0789697058158
0.787159199749 0.365322550181 0.169391388487 1.1351255074 0.12236328527 0.380592075786
0.215981470727 -0.0904246770798 0.139360730257 -0.291616816269 0.108597084912 0.671576751746
-0.766525822853 -0.500207531384 0.205640562953 -0.872725556311 -0.226574616374 0.0564061885412
0.319275061079 -0.0359637299834 0.589928367272 0.790595702438 0.438803688994 0.51765164264
-0.0991314823109 0.143162865913 -1.30582533496 -0.237968183703 -0.0950614590387 -0.801890489561
-1.28216398669 0.00288949979168 -0.449947468347 -1.04395907157 -0.0448102354317 -0.468024996204
0.584020477187 0.137620890579 2.01721425673 0.901541597127 0.212062597362 2.13340680782
0.892113483366 0.30307532141 -0.370180079952 0.600685669804 0.242898667679 -0.712729577656
-0.248398658062 0.0588316825108 -0.468400243447 0.203205675494 0.0638295420532 -0.539812877964
0.0035301840845 -0.107926662303 0.0596049437529 -0.766525822853 -0.500207531384 0.205640562953
0.853833979255 0.675301107019 -0.9904683702 0.743937042893 0.26572229564 -1.11376542403
0.464129074456 -0.603809048624 -3.74208060573 0.464129074456 -0.603809048624 -3.74208060573
3.3902051412 -0.250299307594 2.16821803695 3.3902051412 -0.250299307594 2.16821803695
-1.19183250024 0.184881311895 -0.0387028743627 -0.978209240818 0.0326218953027 -0.759206203064
-0.843464638589 0.353533779854 0.941854992968 -0.558849090206 0.0978085850645 1.15678386943
-6.47890770859 -0.377728124999 0.675705541924 -6.47890770859 -0.377728124999 0.675705541924
-0.378805354747 -0.898337122817 -1.72903128 -0.378805354747 -0.898337122817 -1.72903128
1.79078152726 0.0330700303325 -0.116200689934 2.09084977045 -0.294742731748 0.103603447251
0.193704252007 -0.406941180145 2.37225060117 0.193704252007 -0.406941180145 2.37225060117
-0.620774537908 0.0242831646942 -0.128984134447 -0.23188372365 0.272390648144 0.185606803002
3.25798393418 0.772980458593 -5.83275891395 3.25798393418 0.772980458593 -5.83275891395
0.155229499092 -0.0765026398629 3.91582742254 0.155229499092 -0.0765026398629 3.91582742254
4.56151660207 1.6839504996 -0.0775067094299 4.56151660207 1.6839504996 -0.0775067094299
-2.91443132796 0.721600752133 2.7197557351 -2.91443132796 0.721600752133 2.7197557351
-0.812179215536 -0.730076488546 0.139336100315 -0.689577171831 -0.511555415018 0.266336214158
0.0526301508153 0.25351268136 -0.099629467378 -0.35053033143 0.190845329048 0.15732756564
0.489469029478 0.359797405717 -1.19026471913 0.853833979255 0.675301107019 -0.9904683702
0.901541597127 0.212062597362 2.13340680782 0.584020477187 0.137620890579 2.01721425673
0.736319368016 -0.427478702985 -0.711794439947 0.299406906445 -0.303751527343 -1.01442677081
1.39712830482 0.100798968814 0.311202895652 1.79078152726 0.0330700303325 -0.116200689934
0.462755163889 -0.444753749255 0.500132218746 0.787159199749 0.365322550181 0.169391388487
2.52763524148 -0.264037052526 -1.70634125813 2.31368272874 -0.796910594988 -1.64489406119
-0.69265309742 -0.0735506063216 -0.291976431935 -0.761069114078 -0.0295982871477 -0.431560108825
1.22347242344 -0.136357187817 -0.193383683791 1.14519815314 0.21158845812 -0.00119075266061
0.571617580837 0.422882142877 0.225423071416 0.530608110556 -0.173486662052 0.359197552057
-0.761069114078 -0.0295982871477 -0.431560108825 -1.28216398669 0.00288949979168 -0.449947468347
-1.61576220913 0.258061545978 -0.0394664109129 -1.72303147405 -0.134392099949 0.041774084966
2.03491784804 -0.26548842034 -3.83279742068 2.03491784804 -0.26548842034 -3.83279742068
-0.952547805161 -0.354828184445 -2.24023977087 -0.952547805161 -0.354828184445 -2.24023977087
0.196463831162 -0.123863935815 0.329011386246 0.0427969286223 -0.357337633713 0.564913875125
-0.0513172270185 -0.276317124061 0.881576161 0.564948444641 -0.0545745209573 0.539038905553
1.02731297465 -0.470890447099 -0.980341327293 1.2650659865 -0.279581403475 -0.770910618644
4.61253254324 0.257518889676 3.18680224462 4.61253254324 0.257518889676 3.18680224462
-1.77146597884 -0.325786641127 -0.272194308036 -1.46856754672 -0.805022805414 0.916419127666
0.245497966927 0.177338889816 1.95666629142 0.330200106411 0.407417307124 2.2751462171
5.5640430667 -0.327917499616 -3.50565045416 5.5640430667 -0.327917499616 -3.50565045416
1.02596912163 -0.012152770065 -0.521200287369 1.04622139447 -0.308280791007 -1.01898746692
-0.466737302563 0.522338499746 0.658929357747 -0.799826733586 0.303617677686 0.602327247552
3.88708320312 0.727336382168 -1.87093553096 3.88708320312 0.727336382168 -1.87093553096
0.24505538963 -0.0531191258372 2.67127918192 0.24505538963 -0.0531191258372 2.67127918192
1.11415426606 -0.319230832405 1.38491207933 0.904056748419 -0.243824407416 1.05131701595
3.20681724684 0.316953888894 -0.442733197269 3.20681724684 0.316953888894 -0.442733197269
-0.978209240818 0.0326218953027 -0.759206203064 -0.682133365589 -0.4145966397 -0.124866835498
1.13247519446 -0.0628215887886 -0.727660469184 1.02596912163 -0.012152770065 -0.521200287369
4.50275262438 0.502045322732 -4.10341031871 4.50275262438 0.502045322732 -4.10341031871
-3.52783476158 -0.492060257146 -0.750899070374 -3.52783476158 -0.492060257146 -0.750899070374
-1.47211656776 0.094244374898 -0.66973039185 -1.25198164493 0.0899115667082 -0.797338045186
0.208307036655 0.115160876977 -0.207277593877 0.0526301508153 0.25351268136 -0.099629467378
-1.77256019605 -0.353615285549 -1.03961690798 -1.65028828078 -0.444027937382 -0.688968428458
-0.342427772109 -0.258941470444 1.38155018214 -0.13884723341 -0.173675138047 0.783407582183
0.530608110556 -0.173486662052 0.359197552057 1.27521571558 0.312937387998 0.0603618223701
-1.8714053785 0.0671287199391 -3.77138555906 -1.6656247626 0.209487297167 -3.25317275883
0.314929523061 0.0204299516945 -1.01985884297 0.0779112659948 -0.056346983766 -0.880233449647
-0.964534231033 -0.104028517923 -6.92891355286 -0.964534231033 -0.104028517923 -6.92891355286
-3.15411697419 0.510818717541 2.18259243011 -3.15411697419 0.510818717541 2.18259243011
-1.5880763194 -0.123092155211 0.720047406638 -1.5880763194 -0.123092155211 0.720047406638
-0.427032653071 -0.211228898889 0.196176897865 -0.705287749449 0.21236534341 0.266428297037
2.09084977045 -0.294742731748 0.103603447251 2.01031691691 -0.163383586558 0.0204360739495
-1.26954302562 0.463988521498 0.368636932852 -0.554802840884 0.378962502892 0.403967735842
0.0627174449364 -0.0743471988696 3.33430418977 0.0627174449364 -0.0743471988696 3.33430418977
0.592617512267 -0.593084334259 0.383970180619 0.843115459555 -0.460273443918 0.192766036234
-0.20456832521 -0.165950415779 0.608407970441 0.0353050863301 0.0437940227046 0.460878506836
-0.0890127208634 -0.296385528992 0.84035834503 0.402694108769 0.212909467468 1.19111074479
-5.15509480761 -0.464397817467 -0.0556489239698 -5.15509480761 -0.464397817467 -0.0556489239698
-0.567688313047 0.107325604029 1.09064503753 -0.0722639829221 0.119607241629 1.48575423254
-2.25949443568 -0.721878319493 -0.0524390287384 -2.62709254381 -0.408877181039 -0.0554204929861
-0.194453888913 0.322610973796 -2.89428847559 -0.194453888913 0.322610973796 -2.89428847559
2.80175399015 0.597974011703 -2.96266386919 2.80175399015 0.597974011703 -2.96266386919
2.26581352186 -0.559293168859 -1.59751105757 2.26581352186 -0.559293168859 -1.59751105757
1.25368520233 0.445830131524 -1.16995741412 0.926036609858 0.0178648759967 -0.788044777804
0.437690988255 -0.111666804634 -0.567219607158 0.0972597766299 -0.630499235971 -1.02267370655
0.50306840694 -0.17684652758 0.0564166288544 -0.248398658062 0.0588316825108 -0.468400243447
-0.0840607763199 0.288626616065 0.646834435188 -0.19104480455 0.462098158609 1.08542524613
0.525617825516 0.17293847138 1.90363971038 0.525617825516 0.17293847138 1.90363971038
-0.771184945717 -0.265862973881 0.483599710429 -0.194768902772 0.341138079208 0.791006452975
2.51985811601 0.336343941251 -0.189932419872 2.51985811601 0.336343941251 -0.189932419872
-0.711087845678 0.0861155097157 0.508017577425 -0.369797274894 -0.191648362516 0.634013140329
-2.01541287213 -0.08429303231 0.272169050109 -2.20484967251 0.169016256936 0.265381494178
-3.06182928463 -1.29863803153 0.0503534492467 -3.06182928463 -1.29863803153 0.0503534492467
1.40247653577 -0.654511052792 0.312318134018 1.19896630308 -0.376969718312 0.0833948283169
-0.216546564449 0.263193063478 -4.53731946533 -0.216546564449 0.263193063478 -4.53731946533
1.15220258244 0.206243471957 -0.308395526214 1.15220258244 0.206243471957 -0.308395526214
-0.394049582437 -0.017983400523 0.432711264287 0.241279722607 -0.0926211114539 0.307392268559
-3.77159666631 -0.538719342035 -1.39962291022 -3.77159666631 -0.538719342035 -1.39962291022
6.64336868695 0.00827550995935 2.84649270976 6.64336868695 0.00827550995935 2.84649270976
-2.21411044505 0.0388475664368 1.11643255687 -2.2534537268 0.360776206951 1.25424226648
-0.19104480455 0.462098158609 1.08542524613 0.078193667802 -0.0120060363096 0.73676970359
3.98311023286 1.0650480755 3.34532781679 3.98311023286 1.0650480755 3.34532781679
-1.25198164493 0.0899115667082 -0.797338045186 -0.69265309742 -0.0735506063216 -0.291976431935
2.03024428665 0.190951929044 1.98595370174 2.03024428665 0.190951929044 1.98595370174
2.79009219743 -0.20738771366 0.857138110288 2.79009219743 -0.20738771366 0.857138110288
-0.157677514147 0.223397707812 -0.511235482117 -0.0740251399907 -0.0871652373554 -0.272853026826
0.512367174086 0.142994267329 -0.709228327351 1.22347242344 -0.136357187817 -0.193383683791
-0.24051958509 0.0869929579747 -0.522598974744 -0.617596625379 0.119952375521 -0.824014688793
-0.809713490646 -0.0557189022809 -0.605852425538 -0.680690947685 -0.446667951892 -0.504773968331
-0.890917905644 0.360486652843 0.13238607988 -0.31073715764 0.520089693273 -0.0214948035105
1.32871986606 -0.304349544986 4.63518983113 1.32871986606 -0.304349544986 4.63518983113
0.935641498854 0.10919736107 0.546314204336 0.608874327275 0.368685742663 0.162115019575
0.568463892282 0.541645494691 -0.208477597671 0.89170690905 0.594911465006 -0.101146610959
-0.877645673078 -0.3782339894 0.234643777298 -0.879023750892 -0.427661194768 -0.0892208670473
0.306072449489 -0.695978597894 -0.551306473604 0.546400198942 -0.481869521527 -0.129151621378
-0.115284606285 0.349309422453 0.41651303718 0.0035301840845 -0.107926662303 0.0596049437529
3.5588639714 -0.65957575995 -5.23269737584 3.5588639714 -0.65957575995 -5.23269737584
1.59636941289 -1.11355534581 2.82701061672 1.59636941289 -1.11355534581 2.82701061672
0.52204749433 0.201164068135 -0.460875823309 0.259636150267 0.440717353697 -0.643279551726
3.07399523369 -0.249758052323 1.62685436855 3.3947617607 -0.160948879399 1.30122406973
1.83687860886 0.101630808766 -0.382154801359 1.56672752212 -0.156743639434 -0.0536609439691
-0.130656454147 -0.177445942357 0.213160576116 0.52204749433 0.201164068135 -0.460875823309
-4.66806601239 1.2159427387 1.64235449584 -4.66806601239 1.2159427387 1.64235449584
0.203205675494 0.0638295420532 -0.539812877964 0.648852370118 0.110904073115 -0.579706146463
-2.11161102624 -0.471450312554 3.57620317734 -2.11161102624 -0.471450312554 3.57620317734
3.9702124145 -0.446878977417 1.20134593356 3.9702124145 -0.446878977417 1.20134593356
-0.310797660509 -0.402255806217 0.577482593016 -0.213502131644 -0.0246243761583 0.687223339791
2.66523931214 1.22561160114 1.04572870408 2.66523931214 1.22561160114 1.04572870408
0.833388407923 0.303200489432 0.34810174053 0.935641498854 0.10919736107 0.546314204336
-1.10937878319 -0.230897239693 1.98203615656 -1.10937878319 -0.230897239693 1.98203615656
0.904056748419 -0.243824407416 1.05131701595 -0.145396724682 0.400361331424 0.719197599462
0.648852370118 0.110904073115 -0.579706146463 0.506875414257 0.108463535286 -1.1014337076
0.0671685058796 0.281067211336 0.493221517158 -0.711087845678 0.0861155097157 0.508017577425
1.13298185431 0.11190943198 -0.659613988139 0.920887070455 0.104369794783 -1.10191608235
0.796138536774 0.394648948723 0.796465684452 0.571617580837 0.422882142877 0.225423071416
2.51105051603 0.537066288961 1.42611645 2.51105051603 0.537066288961 1.42611645
3.01938591731 -0.208829549119 2.86982277401 3.01938591731 -0.208829549119 2.86982277401
0.0520059368039 0.854908453453 0.0706840145466 0.0520059368039 0.854908453453 0.0706840145466
0.330200106411 0.407417307124 2.2751462171 -0.0379980808805 0.117819234403 2.24672131104
-1.0007286592 -0.21824452563 2.90669299988 -1.0007286592 -0.21824452563 2.90669299988
0.0206786914466 -0.0713264324821 0.363013779683 0.215981470727 -0.0904246770798 0.139360730257
0.294541002361 0.314175450267 -0.588480051725 0.294541002361 0.314175450267 -0.588480051725
1.47497974466 -0.0488747274215 0.245951216024 1.83556103205 -0.259311626368 0.380435735904
1.28093827875 -0.219058668067 -0.250943075684 1.60442871581 -0.324521445795 0.063593061217
-1.19431995755 0.919728992366 -4.1605711489 -1.19431995755 0.919728992366 -4.1605711489
-0.751513144114 -0.134827481581 0.742550572485 -1.0327009219 0.0695898379399 0.572055681792
4.24071511894 -0.213053930673 3.26653174324 4.24071511894 -0.213053930673 3.26653174324
-0.0747982512967 0.113442134809 -0.117212121462 0.228929939738 0.187609446427 -0.274266832195
0.254909425451 -0.0392504940856 -1.92604232064 0.254909425451 -0.0392504940856 -1.92604232064
0.0303072234413 -0.0216049979751 -0.0186194961563 -0.0286907882489 -0.335252823145 0.459621640215
0.840335580878 -0.376993967019 0.887158405887 0.840335580878 -0.376993967019 0.887158405887
-0.0286907882489 -0.335252823145 0.459621640215 0.0206786914466 -0.0713264324821 0.363013779683
0.920887070455 0.104369794783 -1.10191608235 1.25368520233 0.445830131524 -1.16995741412
-2.51756722886 -0.788418870003 -1.14013000848 -2.51756722886 -0.788418870003 -1.14013000848
-0.0112527475085 0.078700435231 0.893965719455 -0.344789510812 -0.139842368488 0.634440496644
-1.37137958156 0.00700866348134 0.7659048498 -1.38425111539 0.753265026371 0.87017086616
0.843115459555 -0.460273443918 0.192766036234 0.592617512267 -0.593084334259 0.383970180619
-0.268345087848 -0.0751588435486 -0.696417747418 -0.315173278518 -0.497143050028 -0.627064344058
-1.5021992978 -0.883164178206 2.08812012015 -1.5021992978 -0.883164178206 2.08812012015
0.564697244073 0.0528135383198 -0.430969988946 0.644383713891 -0.527615638874 -0.402271953248
-0.160587781678 0.14481915845 -0.300264348282 -0.790601088861 -0.151419089263 -0.0665239184187
0.226153818342 -0.386663584701 -0.290009925493 -0.274681890102 -0.346519179273 0.193113232006
-1.39940325102 0.220247534154 0.251037536491 -1.19183250024 0.184881311895 -0.0387028743627
2.11772275819 -0.299348975579 3.27672346312 2.11772275819 -0.299348975579 3.27672346312
-1.93839425735 -0.649743049881 0.404912835896 -1.93839425735 -0.649743049881 0.404912835896
0.626358514767 -0.0881976264458 -0.823253844232 0.512367174086 0.142994267329 -0.709228327351
7.97636782329 -0.814800601181 -4.49660052833 7.97636782329 -0.814800601181 -4.49660052833
-1.04395907157 -0.0448102354317 -0.468024996204 -0.620774537908 0.0242831646942 -0.128984134447
-2.07583284018 0.219411577634 0.258283113712 -2.07583284018 0.219411577634 0.258283113712
0.724664925115 0.0857515924107 -2.97078722135 0.724664925115 0.0857515924107 -2.97078722135
0.439418303944 -0.0951379951436 1.1031486867 -0.0112527475085 0.078700435231 0.893965719455
3.04561621714 -0.507196082475 -6.50093184662 3.04561621714 -0.507196082475 -6.50093184662
1.33087234599 0.147867662124 -1.19336258078 1.33087234599 0.147867662124 -1.19336258078
0.630244051175 0.110190100573 -0.458574332875 1.07349403511 -0.661943854984 -0.35944495909
3.39923017322 0.0887128267266 -0.127797832223 3.39923017322 0.0887128267266 -0.127797832223
-3.653932984 -0.153077783961 -0.906300978249 -3.653932984 -0.153077783961 -0.906300978249
-2.00481608442 -0.394393265975 -0.694872979105 -2.00481608442 -0.394393265975 -0.694872979105
0.317039071032 -0.574955875365 -0.306202658104 1.00548553727 -0.308848430228 -0.48924191285
0.702070547697 0.418050383924 0.308159097352 0.124028615606 0.0765325914156 0.575061347674
0.211897345156 0.329320193338 -3.45122059252 0.211897345156 0.329320193338 -3.45122059252
-0.306061364491 -0.0947888015475 2.66477988022 -0.306061364491 -0.0947888015475 2.66477988022
-0.879023750892 -0.427661194768 -0.0892208670473 -0.944848721495 -0.0430699364043 -0.164211888304
0.141982794795 -1.34706652302 3.76688032099 0.141982794795 -1.34706652302 3.76688032099
0.582773420988 -0.0259392445745 -0.806271276022 0.582773420988 -0.0259392445745 -0.806271276022
0.608874327275 0.368685742663 0.162115019575 0.208307036655 0.115160876977 -0.207277593877
-0.128873164013 0.626567975772 0.276588889253 -0.0620535731006 0.628320923593 -0.242839600879
-0.689577171831 -0.511555415018 0.266336214158 -1.16242072407 -0.201066837423 0.917060363386
0.926036609858 0.0178648759967 -0.788044777804 1.13247519446 -0.0628215887886 -0.727660469184
0.546400198942 -0.481869521527 -0.129151621378 0.226153818342 -0.386663584701 -0.290009925493
-3.2853287839 1.45116964744 0.0894393229413 -3.2853287839 1.45116964744 0.0894393229413
-0.944848721495 -0.0430699364043 -0.164211888304 -0.81433370866 0.117377178757 0.244725311265
0.078193667802 -0.0120060363096 0.73676970359 0.462755163889 -0.444753749255 0.500132218746
5.3900160989 0.56608573963 3.77178171107 5.3900160989 0.56608573963 3.77178171107
2.31368272874 -0.796910594988 -1.64489406119 2.68291628753 -0.550015191283 -1.59235831776
-1.30370177208 0.0941789029036 0.322042337818 -1.36637318769 0.345940717852 -0.320928133393
2.24779939026 -0.949871680818 -2.80072827478 2.24779939026 -0.949871680818 -2.80072827478
-2.56891763569 -0.539987557768 -3.06700348734 -2.56891763569 -0.539987557768 -3.06700348734
0.354437218829 0.0701568174038 1.82045738893 0.245497966927 0.177338889816 1.95666629142
0.299406906445 -0.303751527343 -1.01442677081 0.626358514767 -0.0881976264458 -0.823253844232
0.0601907674041 -0.273343153865 0.186232702584 -0.296777952798 -0.243949315446 0.344211889012
0.453207867845 0.476977127283 -0.361687368418 0.453207867845 0.476977127283 -0.361687368418
-3.98509858798 0.632275860486 5.02704409937 -3.98509858798 0.632275860486 5.02704409937
0.10895501669 0.170874200467 3.65898220219 0.10895501669 0.170874200467 3.65898220219
0.59203413226 0.0116701321632 -1.47341654139 0.59203413226 0.0116701321632 -1.47341654139
3.10220118554 0.144446787519 -1.74298991899 3.10220118554 0.144446787519 -1.74298991899
0.0972597766299 -0.630499235971 -1.02267370655 0.134963918979 -0.41251541123 -0.522924947184
4.82155660728 1.3741674612 1.75473978635 4.82155660728 1.3741674612 1.75473978635
1.63320138696 -0.219677020981 -1.55429594423 1.63320138696 -0.219677020981 -1.55429594423
-5.88562727401 -0.212431480685 -0.46851619287 -5.88562727401 -0.212431480685 -0.46851619287
-0.0363642905132 0.0606957026892 -0.904941309996 0.455287400363 0.372503861068 -0.660619294256
-2.69878776167 0.0839297147372 -1.42338578853 -2.69878776167 0.0839297147372 -1.42338578853
0.753422439354 0.169189740954 -4.13371891945 0.753422439354 0.169189740954 -4.13371891945
-1.70272491459 0.595532906942 -0.889934734585 -1.70272491459 0.595532906942 -0.889934734585
0.754758999095 0.797256472067 -0.681472848321 0.195107531384 0.279284321605 -0.473347028451
4.03557241282 0.0918295412328 -4.45311391813 4.03557241282 0.0918295412328 -4.45311391813
-0.586349424229 0.103513958713 0.812667011977 -0.394049582437 -0.017983400523 0.432711264287
0.228929939738 0.187609446427 -0.274266832195 0.342404323754 0.190620371223 -0.826531139669
-0.194768902772 0.341138079208 0.791006452975 0.429426696637 0.469966125307 0.704742237951
-0.333686159669 -0.272096997524 -0.177925280243 -0.812179215536 -0.730076488546 0.139336100315
1.19896630308 -0.376969718312 0.0833948283169 0.675612822908 -0.22037182352 0.381685261379
-0.107982656958 -0.305625516389 -0.330627193147 0.463870608734 -0.0898871949225 -0.730736127396
-2.42356972685 1.03257041941 3.31719267787 -2.42356972685 1.03257041941 3.31719267787
0.791028057376 0.277748651531 -0.0291296408609 1.10997140307 0.455441765068 -0.455244267636
-0.916648413085 0.439894818938 -3.67743141921 -0.916648413085 0.439894818938 -3.67743141921
2.32547784224 0.385668366383 -2.29231550618 2.32547784224 0.385668366383 -2.29231550618
4.42265374865 -0.153186138501 -0.9135851989 4.42265374865 -0.153186138501 -0.9135851989
1.53689736534 0.0683746209899 -1.16657481307 1.40270999109 0.330299414673 -1.30425046708
-0.586219557503 0.325772364763 -1.00318364086 -0.24051958509 0.0869929579747 -0.522598974744
0.0274124846702 -0.498891857853 0.0687049004262 -0.172454167018 0.159760905154 -0.597695256795
-1.65028828078 -0.444027937382 -0.688968428458 -1.77256019605 -0.353615285549 -1.03961690798
-1.87316264976 0.312442290614 -2.22254634562 -1.87316264976 0.312442290614 -2.22254634562
-0.194505720344 0.44213118532 0.82555135179 -0.405322802101 -0.170075922024 0.810785176478
-6.94186374527 0.436852547896 -0.120604560954 -6.94186374527 0.436852547896 -0.120604560954
0.0353050863301 0.0437940227046 0.460878506836 0.168847560136 0.0484784801535 0.980614008575
-0.369797274894 -0.191648362516 0.634013140329 -0.751513144114 -0.134827481581 0.742550572485
2.68291628753 -0.550015191283 -1.59235831776 2.52763524148 -0.264037052526 -1.70634125813
-0.304061190641 -0.269673844032 6.65444274169 -0.304061190641 -0.269673844032 6.65444274169
-0.482308852069 -0.333040378358 -0.000895334056128 -0.17723164688 -0.351448533263 -0.214473992903
-1.38425111539 0.753265026371 0.87017086616 -1.26954302562 0.463988521498 0.368636932852
-0.933033835252 -0.153269502761 -0.945962989789 -0.352945956849 0.0285701437423 -1.03181556563
1.07380184234 0.463094937628 0.939206111357 1.20901440521 0.566284615224 0.962801643511
-0.81433370866 0.117377178757 0.244725311265 -0.890917905644 0.360486652843 0.13238607988
-0.17723164688 -0.351448533263 -0.214473992903 -0.0409666785715 -0.200263625875 -0.283791229818
1.04622139447 -0.308280791007 -1.01898746692 0.852740977361 0.119454808737 -1.41743065422
-1.66637532835 0.718719118181 -3.46003011736 -1.66637532835 0.718719118181 -3.46003011736
0.463870608734 -0.0898871949225 -0.730736127396 0.447555860534 0.332364771846 -0.367984316481
-1.02674383188 -0.545669425072 -0.0142194821145 -1.51727320038 -0.46227250259 -0.127995903867
-0.849647598604 0.216486926537 -0.138498087612 -0.849647598604 0.216486926537 -0.138498087612
0.259636150267 0.440717353697 -0.643279551726 0.317602595395 -0.079141274913 -0.360946628289
-0.392616702953 -0.237931577544 0.446182077685 0.0779987957499 -0.237413613941 0.645196221389
-0.126751827021 -0.887527898028 2.48401096919 -0.126751827021 -0.887527898028 2.48401096919
0.982745725509 0.276048882554 0.0165378892833 0.693210879142 0.214523414541 0.116710401442
0.693210879142 0.214523414541 0.116710401442 0.833388407923 0.303200489432 0.34810174053
2.06845889488 -0.567748125641 1.01781673049 2.06845889488 -0.567748125641 1.01781673049
1.10997140307 0.455441765068 -0.455244267636 1.28093827875 -0.219058668067 -0.250943075684
0.659709918487 0.402565658307 -0.110097902708 0.754758999095 0.797256472067 -0.681472848321
-5.08256095787 0.476503103869 1.84220469924 -5.08256095787 0.476503103869 1.84220469924
0.0427969286223 -0.357337633713 0.564913875125 0.317039071032 -0.574955875365 -0.306202658104
2.14312765489 1.16310179137 -2.0248644316 2.14312765489 1.16310179137 -2.0248644316
-0.634062844997 -0.259095716176 -0.0789697058158 -0.482308852069 -0.333040378358 -0.000895334056128
-1.33118421944 0.527547120206 -3.6938092692 -1.33118421944 0.527547120206 -3.6938092692
0.310391505897 -0.121880431258 0.0503912716207 0.310391505897 -0.121880431258 0.0503912716207
0.743937042893 0.26572229564 -1.11376542403 0.314929523061 0.0204299516945 -1.01985884297
3.05624759463 -0.0687649728982 0.297916435091 3.00757292104 0.319306679462 0.343295772567
-0.145396724682 0.400361331424 0.719197599462 0.166147564315 0.446592516175 -0.241038906872
-6.15430287224 -0.358854902559 -3.13423217319 -6.15430287224 -0.358854902559 -3.13423217319
-2.10521728666 -0.309278624606 1.32424120878 -2.10521728666 -0.309278624606 1.32424120878
-2.48155185977 -0.25840881782 -2.53018793874 -2.48155185977 -0.25840881782 -2.53018793874
0.675612822908 -0.22037182352 0.381685261379 0.196463831162 -0.123863935815 0.329011386246
-0.617596625379 0.119952375521 -0.824014688793 -0.716257710577 0.0662724397216 -0.950828315025
-0.261681414222 -0.10747264638 -0.533640368271 0.100195205629 0.0605300718493 -0.691295870164
1.3553014785 0.193533798316 -0.920379915217 1.22069431785 -0.033021935288 -0.606671089836
-1.598836091 -0.415669107427 1.00233042763 -1.598836091 -0.415669107427 1.00233042763
-2.13733034317 0.403813538294 -0.373309891388 -2.13733034317 0.403813538294 -0.373309891388
-0.00903778553152 0.0274102091677 0.0626153999744 0.258558466531 -0.353767384428 0.409378857761
0.267162408944 0.05196597083 -1.02039736243 -0.081228476514 0.128042389291 -0.655908805746
-6.87261419204 -0.313447204242 1.69133333666 -6.87261419204 -0.313447204242 1.69133333666
3.07956307908 -0.321118488811 5.90494824048 3.07956307908 -0.321118488811 5.90494824048
1.22069431785 -0.033021935288 -0.606671089836 1.13298185431 0.11190943198 -0.659613988139
-3.88814949514 0.119131071894 -0.970597425811 -3.88814949514 0.119131071894 -0.970597425811
-3.06984448397 0.560659754225 1.24026887397 -3.06984448397 0.560659754225 1.24026887397
1.31816206573 -0.907269884989 4.45466112869 1.31816206573 -0.907269884989 4.45466112869
-0.258760363684 -0.745540734622 0.670486711741 0.485924625677 -0.471301316385 0.107101763108
0.241279722607 -0.0926211114539 0.307392268559 -0.258760363684 -0.745540734622 0.670486711741
0.506875414257 0.108463535286 -1.1014337076 0.485468840961 -0.0212150092604 -0.623600228394
0.21685147261 0.132268406382 0.263400047913 0.564697244073 0.0528135383198 -0.430969988946
4.9128416303 -0.35101129717 5.13281093388 4.9128416303 -0.35101129717 5.13281093388
-1.1706965521 -0.0830815149272 -2.08582489439 -1.1706965521 -0.0830815149272 -2.08582489439
0.279192526329 0.165372498127 -0.859699458022 0.489469029478 0.359797405717 -1.19026471913
-0.274681890102 -0.346519179273 0.193113232006 -0.130656454147 -0.177445942357 0.213160576116
-0.131556606304 -0.788117125544 1.50772630821 -0.131556606304 -0.788117125544 1.50772630821
0.548929228888 -0.622068448422 -0.628227908693 0.548929228888 -0.622068448422 -0.628227908693
0.600685669804 0.242898667679 -0.712729577656 -0.136887570648 0.0647457961135 -1.35707766335
-0.292951334825 0.363835903239 1.53028377468 -0.843464638589 0.353533779854 0.941854992968
-0.0570893019631 0.09619308804 -0.0736707156812 -0.0513172270185 -0.276317124061 0.881576161
-6.26899832444 -0.00120575080276 -3.32941973037 -6.26899832444 -0.00120575080276 -3.32941973037
-3.16458411917 -0.518549831257 2.83803622573 -3.16458411917 -0.518549831257 2.83803622573
3.41729209304 -0.231717511882 -1.28949650479 3.41729209304 -0.231717511882 -1.28949650479
-1.16242072407 -0.201066837423 0.917060363386 -0.936558468406 0.0061897556937 0.922225140698
-1.20881393532 -0.013241537769 0.61620350129 -1.30370177208 0.0941789029036 0.322042337818
-0.312053968402 0.155253158612 1.52306508622 0.354437218829 0.0701568174038 1.82045738893
2.92013381867 -0.43322379881 1.26367566136 2.92013381867 -0.43322379881 1.26367566136
-2.62709254381 -0.408877181039 -0.0554204929861 -2.25949443568 -0.721878319493 -0.0524390287384
-0.352945956849 0.0285701437423 -1.03181556563 -0.586219557503 0.325772364763 -1.00318364086
-0.0722639829221 0.119607241629 1.48575423254 -0.312053968402 0.155253158612 1.52306508622
-2.40027502653 0.176403715398 1.84492236962 -2.64498649172 -0.325752598688 1.69601262478
-3.07666016169 -0.244633558015 0.660820560547 -3.07666016169 -0.244633558015 0.660820560547
-0.148656336825 -0.296712609797 -0.508352111087 -0.341580107822 -0.0923866785523 -0.921738839076
-0.0620535731006 0.628320923593 -0.242839600879 -0.157677514147 0.223397707812 -0.511235482117
-0.213502131644 -0.0246243761583 0.687223339791 -0.36536546001 -0.00432140106954 -0.112658525456
-0.893054681856 -0.119723027914 -0.246029960362 -0.446487318947 -0.28797094103 -0.231185363254
-1.79390678566 0.345486529995 0.161255010639 -1.79390678566 0.345486529995 0.161255010639
-0.23188372365 0.272390648144 0.185606803002 0.066302883148 0.0969065450981 0.530294350731
-1.58059001131 -0.136677636853 4.39541506936 -1.58059001131 -0.136677636853 4.39541506936
7.18214233988 0.843281766141 -1.05833318812 7.18214233988 0.843281766141 -1.05833318812
1.20901440521 0.566284615224 0.962801643511 1.11415426606 -0.319230832405 1.38491207933
0.305244814099 0.822389368814 -5.72650652208 0.305244814099 0.822389368814 -5.72650652208
0.89170690905 0.594911465006 -0.101146610959 0.982745725509 0.276048882554 0.0165378892833
0.352387471609 -0.566393654632 0.725981520712 0.142541688376 -0.0665745128538 0.996457405847
-0.667169026782 -0.389284224329 -1.8838312128 -0.667169026782 -0.389284224329 -1.8838312128
0.401017505278 -0.0833250099641 1.08881145365 -0.194505720344 0.44213118532 0.82555135179
0.644383713891 -0.527615638874 -0.402271953248 1.18394119674 0.385726640538 -0.10643920197
-0.223359361575 -0.0252509361726 -0.371780659157 0.491659682233 -0.0807124352425 -0.449833957123
-0.31073715764 0.520089693273 -0.0214948035105 -0.115284606285 0.349309422453 0.41651303718
-0.707638798002 -0.164645057652 -0.685626780279 -0.707638798002 -0.164645057652 -0.685626780279
-0.705287749449 0.21236534341 0.266428297037 -0.466737302563 0.522338499746 0.658929357747
-0.539336844966 -0.169935516221 -1.96473033934 -0.539336844966 -0.169935516221 -1.96473033934
-12.1696099097 0.535419883641 -1.44064301884 -12.1696099097 0.535419883641 -1.44064301884
5.40864499792 0.317753023106 2.69271574875 5.40864499792 0.317753023106 2.69271574875
0.564948444641 -0.0545745209573 0.539038905553 0.858422921309 0.265027373277 0.640720637806
1.27521571558 0.312937387998 0.0603618223701 0.702070547697 0.418050383924 0.308159097352
-0.0888736505132 0.453744024627 -2.05348656556 -0.0888736505132 0.453744024627 -2.05348656556
-2.34103901102 -0.0497779098627 2.4022663639 -2.18975378018 -0.209553804856 2.62505533465
0.0779987957499 -0.237413613941 0.645196221389 0.401017505278 -0.0833250099641 1.08881145365
-0.787781814698 0.479535410543 -4.39560336128 -0.787781814698 0.479535410543 -4.39560336128
3.00757292104 0.319306679462 0.343295772567 3.05624759463 -0.0687649728982 0.297916435091
-0.829926884815 0.224888583027 -2.3186002838 -0.829926884815 0.224888583027 -2.3186002838
0.458848300353 -0.163281197064 0.0988183276531 -0.00903778553152 0.0274102091677 0.0626153999744
-1.18368810311 -0.156835207729 -1.44687260053 -1.18368810311 -0.156835207729 -1.44687260053
-1.51932366198 -0.778591739168 2.75043290022 -1.51932366198 -0.778591739168 2.75043290022
-0.296777952798 -0.243949315446 0.344211889012 -0.480593389227 -0.0523792945843 0.515308565742
-1.58638858275 0.277956120977 -0.749717406492 -1.58638858275 0.277956120977 -0.749717406492
-1.0327009219 0.0695898379399 0.572055681792 -1.20881393532 -0.013241537769 0.61620350129
-0.0409666785715 -0.200263625875 -0.283791229818 0.0601907674041 -0.273343153865 0.186232702584
-1.05425209258 0.560854562123 -1.46224897174 -1.05425209258 0.560854562123 -1.46224897174
-0.505931570662 -0.333250639601 0.709438109343 -0.0890127208634 -0.296385528992 0.84035834503
-0.237968183703 -0.0950614590387 -0.801890489561 -0.445135019525 -0.102096270342 -0.714243246693
-0.13884723341 -0.173675138047 0.783407582183 -0.427032653071 -0.211228898889 0.196176897865
-0.586965789548 0.00631445086938 -0.567631026541 -0.893054681856 -0.119723027914 -0.246029960362
-2.74251285417 0.423774045285 -1.17987175255 -2.74251285417 0.423774045285 -1.17987175255
-2.91008590456 0.225471480485 -1.21654833402 -2.91008590456 0.225471480485 -1.21654833402
-1.72303147405 -0.134392099949 0.041774084966 -1.77146597884 -0.325786641127 -0.272194308036
-0.405322802101 -0.170075922024 0.810785176478 -0.0718223805847 -0.264555155723 0.816219133861
0.066302883148 0.0969065450981 0.530294350731 0.427564342178 0.191319031703 -0.233281925555
1.71879956576 -0.0971946511537 -0.870923393459 1.02731297465 -0.470890447099 -0.980341327293
0.0779112659948 -0.056346983766 -0.880233449647 -0.0570893019631 0.09619308804 -0.0736707156812
1.2194642049 0.0998755196304 0.67827035028 1.07380184234 0.463094937628 0.939206111357
-0.344789510812 -0.139842368488 0.634440496644 -0.771184945717 -0.265862973881 0.483599710429
-0.700126386429 0.504792241971 0.532772754326 -1.37137958156 0.00700866348134 0.7659048498
1.34604770156 0.283619488078 3.40903055294 1.34604770156 0.283619488078 3.40903055294
-1.82144311714 -0.237750636688 2.17131621088 -1.82144311714 -0.237750636688 2.17131621088
-4.0267013043 -0.323737130573 -1.42690718099 -4.0267013043 -0.323737130573 -1.42690718099
-0.291616816269 0.108597084912 0.671576751746 -0.0840607763199 0.288626616065 0.646834435188
2.20470802374 -0.342776227423 3.02734954592 2.20470802374 -0.342776227423 3.02734954592
7.98980509159 -0.238970804154 2.26668423506 7.98980509159 -0.238970804154 2.26668423506
-1.67658133687 0.176855032405 5.16680853007 -1.67658133687 0.176855032405 5.16680853007
1.58411400707 0.209775569673 0.154878421017 1.58411400707 0.209775569673 0.154878421017
-4.38168416668 0.386986863802 -0.775394820588 -4.38168416668 0.386986863802 -0.775394820588
-0.081228476514 0.128042389291 -0.655908805746 -0.333686159669 -0.272096997524 -0.177925280243
0.258558466531 -0.353767384428 0.409378857761 0.352387471609 -0.566393654632 0.725981520712
-1.01289995528 0.23890741441 0.745181515152 -1.01289995528 0.23890741441 0.745181515152
-2.19649830423 0.311248623847 0.352240329763 -2.19649830423 0.311248623847 0.352240329763
-1.6656247626 0.209487297167 -3.25317275883 -1.8714053785 0.0671287199391 -3.77138555906
-0.172454167018 0.159760905154 -0.597695256795 -0.0747982512967 0.113442134809 -0.117212121462
-0.630342609667 -0.204334253903 -0.176572586985 -0.268345087848 -0.0751588435486 -0.696417747418
-0.564156390862 0.0513026427202 1.15630822436 -0.342427772109 -0.258941470444 1.38155018214
0.375764030752 0.255232201765 -0.478205782059 0.0671685058796 0.281067211336 0.493221517158
1.5805340223 0.166336298505 -0.744415822552 1.5805340223 0.166336298505 -0.744415822552
3.19742233451 -0.260799662596 1.66853602539 3.19742233451 -0.260799662596 1.66853602539
-3.05248674176 -0.357407412715 -2.2188792146 -3.05248674176 -0.357407412715 -2.2188792146
-2.20484967251 0.169016256936 0.265381494178 -2.01541287213 -0.08429303231 0.272169050109
0.195107531384 0.279284321605 -0.473347028451 0.122591777565 0.074958605147 -0.675285931101
1.60347669172 -0.636906692213 0.370165518754 1.60347669172 -0.636906692213 0.370165518754
-0.445135019525 -0.102096270342 -0.714243246693 -0.107982656958 -0.305625516389 -0.330627193147
-0.968764323825 0.90803176402 0.834599959722 -0.968764323825 0.90803176402 0.834599959722
0.402694108769 0.212909467468 1.19111074479 0.312876296573 0.0712525316622 0.803533777733
0.168847560136 0.0484784801535 0.980614008575 0.107903627903 0.0995784802954 0.440585258066
-0.480593389227 -0.0523792945843 0.515308565742 -0.434634958867 0.0341538437449 0.974335479542
-0.134892506759 -0.195074449132 -0.0661379803004 -0.268177162064 0.420539634922 0.352212848247
1.5254836424 0.163654306753 -0.937455923037 1.71879956576 -0.0971946511537 -0.870923393459
3.6952167725 -0.894133494313 -0.213908482572 3.6952167725 -0.894133494313 -0.213908482572
0.122591777565 0.074958605147 -0.675285931101 0.306072449489 -0.695978597894 -0.551306473604
1.14519815314 0.21158845812 -0.00119075266061 0.659709918487 0.402565658307 -0.110097902708
0.342404323754 0.190620371223 -0.826531139669 0.267162408944 0.05196597083 -1.02039736243
0.455287400363 0.372503861068 -0.660619294256 0.420327331799 0.0213351722179 0.0178857425723
0.491659682233 -0.0807124352425 -0.449833957123 0.568463892282 0.541645494691 -0.208477597671
1.40270999109 0.330299414673 -1.30425046708 1.53689736534 0.0683746209899 -1.16657481307
-0.268177162064 0.420539634922 0.352212848247 -0.128873164013 0.626567975772 0.276588889253
1.16548866412 -0.754259162266 6.9554702413 1.16548866412 -0.754259162266 6.9554702413
1.56742695805 0.312552547748 3.76251643467 1.56742695805 0.312552547748 3.76251643467
-2.2534537268 0.360776206951 1.25424226648 -2.21411044505 0.0388475664368 1.11643255687
-0.389903466168 0.0171310921239 -0.228898196032 -0.223359361575 -0.0252509361726 -0.371780659157
-2.55939668216 -0.952359448516 -0.998471925535 -2.55939668216 -0.952359448516 -0.998471925535
0.962548696999 0.239376222032 3.72557453319 0.962548696999 0.239376222032 3.72557453319
-0.715178960634 0.151817931154 0.314482106588 -0.715178960634 0.151817931154 0.314482106588
-0.872725556311 -0.226574616374 0.0564061885412 -0.134892506759 -0.195074449132 -0.0661379803004
0.100195205629 0.0605300718493 -0.691295870164 0.179925113466 -0.260176944271 -0.567986464244
2.93163813657 -0.350872446364 3.05579449792 2.93163813657 -0.350872446364 3.05579449792
0.790595702438 0.438803688994 0.51765164264 0.796138536774 0.394648948723 0.796465684452
0.852740977361 0.119454808737 -1.41743065422 1.5254836424 0.163654306753 -0.937455923037
1.09014017492 -0.250055922353 -0.209185748322 0.437690988255 -0.111666804634 -0.567219607158
0.684524020938 0.00700616279247 -6.22498977274 0.684524020938 0.00700616279247 -6.22498977274
-0.0154822416299 -0.302359927848 3.19282080991 -0.0154822416299 -0.302359927848 3.19282080991
2.8030121498 0.0993442000089 -2.69014678162 2.8030121498 0.0993442000089 -2.69014678162
2.13833102508 0.363438021848 -0.840933114036 2.39865573512 0.0277858479592 -0.924308592875
0.420327331799 0.0213351722179 0.0178857425723 0.892113483366 0.30307532141 -0.370180079952
-1.51727320038 -0.46227250259 -0.127995903867 -1.32487262793 -0.4016727823 -0.958332662675
-0.0379980808805 0.117819234403 2.24672131104 -0.564156390862 0.0513026427202 1.15630822436
0.267762038058 -0.466024300255 0.0452610316368 0.267762038058 -0.466024300255 0.0452610316368
0.429426696637 0.469966125307 0.704742237951 -0.292951334825 0.363835903239 1.53028377468
-0.262177321383 -0.111956679378 -0.740977082118 -0.261681414222 -0.10747264638 -0.533640368271
-0.544605129108 -0.132668269254 -0.752869000579 -0.586965789548 0.00631445086938 -0.567631026541
-1.06878176325 0.626093492441 1.72243194036 -1.06878176325 0.626093492441 1.72243194036
-0.554802840884 0.378962502892 0.403967735842 -0.877645673078 -0.3782339894 0.234643777298
0.766726508504 -0.342810876205 -0.0445284393607 0.0303072234413 -0.0216049979751 -0.0186194961563
-0.221322553627 -0.518659005086 3.55448329674 -0.221322553627 -0.518659005086 3.55448329674
1.64078475968 -0.2721619967 1.20422444001 1.64078475968 -0.2721619967 1.20422444001
-0.446487318947 -0.28797094103 -0.231185363254 -0.493950757883 -0.353339422578 -0.503288453919
0.142541688376 -0.0665745128538 0.996457405847 0.0318504225585 -0.0667362045867 0.68171248685
0.249604573981 -0.269517430322 2.66566734448 0.249604573981 -0.269517430322 2.66566734448
1.99959128822 -0.187737469368 -1.33425431016 1.99959128822 -0.187737469368 -1.33425431016
-0.0318371707462 0.128900884807 -0.0796691856109 0.032491600374 0.168206405959 -0.25302093739
-2.62540827921 -0.566896810073 -1.85338393726 -2.62540827921 -0.566896810073 -1.85338393726
-2.78687674879 0.134777172103 -5.20984881229 -2.78687674879 0.134777172103 -5.20984881229
1.18394119674 0.385726640538 -0.10643920197 1.09014017492 -0.250055922353 -0.209185748322
1.07349403511 -0.661943854984 -0.35944495909 0.736319368016 -0.427478702985 -0.711794439947
0.107903627903 0.0995784802954 0.440585258066 0.21685147261 0.132268406382 0.263400047913
-2.18975378018 -0.209553804856 2.62505533465 -2.34103901102 -0.0497779098627 2.4022663639
-2.53494419326 -0.542131416594 0.547281563021 -2.53494419326 -0.542131416594 0.547281563021
0.485468840961 -0.0212150092604 -0.623600228394 0.630244051175 0.110190100573 -0.458574332875
-1.74122987205 -0.548349726073 0.0620973788021 -1.74122987205 -0.548349726073 0.0620973788021
-1.36637318769 0.345940717852 -0.320928133393 -1.61576220913 0.258061545978 -0.0394664109129
0.427564342178 0.191319031703 -0.233281925555 0.50306840694 -0.17684652758 0.0564166288544
1.06855974157 0.825461056275 -0.0281861593053 1.06855974157 0.825461056275 -0.0281861593053
0.355537436168 -0.345666612481 0.641668000703 0.766726508504 -0.342810876205 -0.0445284393607
-0.0740251399907 -0.0871652373554 -0.272853026826 -0.262177321383 -0.111956679378 -0.740977082118
0.858422921309 0.265027373277 0.640720637806 0.0161854166408 -0.394972221564 0.351133753407
-0.799826733586 0.303617677686 0.602327247552 -1.02674383188 -0.545669425072 -0.0142194821145
-1.51812960017 -0.599184571381 -0.960551979497 -1.51812960017 -0.599184571381 -0.960551979497
0.124028615606 0.0765325914156 0.575061347674 -0.0978202851293 -0.348547205556 0.140140252517
3.17035560313 -0.70746598907 -1.05360542821 3.17035560313 -0.70746598907 -1.05360542821
1.32372044515 0.0635979370271 0.707844866146 1.39712830482 0.100798968814 0.311202895652
0.672776095207 0.121117765957 -0.188702128322 0.791028057376 0.277748651531 -0.0291296408609
-3.39093792319 -0.991673805747 -0.721294763758 -3.39093792319 -0.991673805747 -0.721294763758
-0.804408099175 0.854177923956 0.151269258515 -0.804408099175 0.854177923956 0.151269258515
0.032491600374 0.168206405959 -0.25302093739 -0.392616702953 -0.237931577544 0.446182077685
-4.82970686619 0.397987835678 -0.203220262446 -4.82970686619 0.397987835678 -0.203220262446
-1.31126173401 -0.323293699149 0.855220059355 -1.39940325102 0.220247534154 0.251037536491
-0.518093019299 0.519143002286 4.01899380587 -0.518093019299 0.519143002286 4.01899380587
3.13809271182 -0.852395459409 0.471078803645 3.13809271182 -0.852395459409 0.471078803645
3.3947617607 -0.160948879399 1.30122406973 3.07399523369 -0.249758052323 1.62685436855
0.447555860534 0.332364771846 -0.367984316481 0.0274124846702 -0.498891857853 0.0687049004262
1.1351255074 0.12236328527 0.380592075786 1.68884038014 -0.127797135683 1.01079664252
-0.36536546001 -0.00432140106954 -0.112658525456 -0.160587781678 0.14481915845 -0.300264348282
0.166147564315 0.446592516175 -0.241038906872 -0.148656336825 -0.296712609797 -0.508352111087
-1.19879734637 -0.7635315568 -1.79074615829 -1.19879734637 -0.7635315568 -1.79074615829
-0.341580107822 -0.0923866785523 -0.921738839076 -0.544605129108 -0.132668269254 -0.752869000579
2.39865573512 0.0277858479592 -0.924308592875 2.13833102508 0.363438021848 -0.840933114036
0.720764402925 -0.222318183104 -0.607908598651 0.720764402925 -0.222318183104 -0.607908598651
1.73340406245 0.990360317471 1.8205808665 1.73340406245 0.990360317471 1.8205808665
1.00548553727 -0.308848430228 -0.48924191285 0.672776095207 0.121117765957 -0.188702128322
-0.790601088861 -0.151419089263 -0.0665239184187 -0.389903466168 0.0171310921239 -0.228898196032
-1.24431308655 1.11061014358 1.21641490078 -1.24431308655 1.11061014358 1.21641490078
-4.6613294341 -0.222739220223 -0.136150303251 -4.6613294341 -0.222739220223 -0.136150303251
-0.814347418774 -0.384193153436 -3.54039348834 -0.814347418774 -0.384193153436 -3.54039348834
1.2650659865 -0.279581403475 -0.770910618644 1.3553014785 0.193533798316 -0.920379915217
0.153224699083 0.730214890711 -3.4038174128 0.153224699083 0.730214890711 -3.4038174128
0.0318504225585 -0.0667362045867 0.68171248685 -0.310797660509 -0.402255806217 0.577482593016
-0.35053033143 0.190845329048 0.15732756564 -0.630342609667 -0.204334253903 -0.176572586985
-1.32487262793 -0.4016727823 -0.958332662675 -1.47211656776 0.094244374898 -0.66973039185
1.60442871581 -0.324521445795 0.063593061217 1.47497974466 -0.0488747274215 0.245951216024
-1.66462605738 -0.784408094514 -2.68530873393 -1.66462605738 -0.784408094514 -2.68530873393
-2.64498649172 -0.325752598688 1.69601262478 -2.40027502653 0.176403715398 1.84492236962
-0.315173278518 -0.497143050028 -0.627064344058 -0.0318371707462 0.128900884807 -0.0796691856109
1.56672752212 -0.156743639434 -0.0536609439691 1.83687860886 0.101630808766 -0.382154801359
-4.25922210974 -0.536028179073 1.19462111571 -4.25922210974 -0.536028179073 1.19462111571
-5.15466802068 1.06282677399 -0.40082307582 -5.15466802068 1.06282677399 -0.40082307582
-0.716257710577 0.0662724397216 -0.950828315025 -0.933033835252 -0.153269502761 -0.945962989789
