-0.424526703342 0.349581588245 -0.331850398904 -0.424526703342 0.349581588245 -0.331850398904
-1.38634311226 -1.7340597228 -2.81724547172 -1.91813669002 -1.62491405982 -2.60452288868
-0.378249910355 -2.21435258976 -0.777000993049 -0.378249910355 -2.21435258976 -0.777000993049
-1.6671668876 0.740527157359 -3.72173495062 -1.6671668876 0.740527157359 -3.72173495062
1.43586289829 -1.41334720725 1.79155999901 1.53988464391 -1.55740727529 1.7274512507
-2.79274596293 2.71664433686 -1.72179036579 -2.48587083613 2.45684861947 -1.99669851513
0.695053460963 1.50154493952 2.06202810888 0.695053460963 1.50154493952 2.06202810888
0.457783394337 0.564899338194 -0.178410701277 0.681457871412 0.524742127388 -0.391054920094
0.594847289363 3.0583510843 2.97072275417 0.594847289363 3.0583510843 2.97072275417
-3.55627093182 3.37713326686 1.93638944295 -3.55627093182 3.37713326686 1.93638944295
-1.02049280249 -2.91346812663 -1.39568725902 -1.02049280249 -2.91346812663 -1.39568725902
1.53988464391 -1.55740727529 1.7274512507 1.17304992593 -1.72057558899 1.70732424167
0.956010860598 1.94104107664 -3.88327141002 0.956010860598 1.94104107664 -3.88327141002
0.132503825077 -0.575364196409 0.0880660987654 0.0707871710634 -0.3865064494 -0.500752513323
0.157715924174 -1.76030937636 1.10826802556 0.348260409889 -2.01770072831 1.12876570526
-0.80622407163 -0.284285588154 2.7685953391 -0.80622407163 -0.284285588154 2.7685953391
-0.240323812813 0.859130557759 0.233317657241 -0.374696116096 0.478896686221 -0.31291611626
1.88742629993 0.624257158347 1.15152994286 1.88742629993 0.624257158347 1.15152994286
-2.3311229672 0.716337397856 -2.04526732136 -2.3311229672 0.716337397856 -2.04526732136
-1.46584388025 -2.31441781435 0.576729008265 -1.46584388025 -2.31441781435 0.576729008265
-0.388682013696 0.657957696855 3.00597251729 -0.388682013696 0.657957696855 3.00597251729
-4.72352711184 -0.787685940781 4.15212147056 -4.72352711184 -0.787685940781 4.15212147056
-1.85183082842 -0.565563066884 2.45402666043 -1.85183082842 -0.565563066884 2.45402666043
-2.2754017914 -1.38877298929 -1.28610264819 -2.2754017914 -1.38877298929 -1.28610264819
2.17140084655 4.17901135234 0.00477668918145 2.17140084655 4.17901135234 0.00477668918145
-0.2223665826 -2.31391531783 1.37763345071 -0.2223665826 -2.31391531783 1.37763345071
-2.34271068051 0.236685034809 -1.36916056226 -2.34271068051 0.236685034809 -1.36916056226
0.521368805645 -5.38305838745 -5.19334278844 0.521368805645 -5.38305838745 -5.19334278844
-0.780407613706 -2.08442483367 5.23110405484 -0.780407613706 -2.08442483367 5.23110405484
-4.55839707008 1.7042806748 -2.23653816578 -4.55839707008 1.7042806748 -2.23653816578
1.98213115071 0.365355161578 -1.43312982363 1.98213115071 0.365355161578 -1.43312982363
-1.49122009959 0.900116004107 -0.0572992088903 -1.49122009959 0.900116004107 -0.0572992088903
-2.17758992895 3.61985646788 0.55712943082 -2.17758992895 3.61985646788 0.55712943082
-0.172668863469 -4.37686279136 0.0541112969161 -0.172668863469 -4.37686279136 0.0541112969161
-4.63514106463 1.32567579132 -0.664952814715 -4.63514106463 1.32567579132 -0.664952814715
1.68344791426 0.501404402456 3.06132899583 1.68344791426 0.501404402456 3.06132899583
1.11328446054 -0.164864478332 3.28363345218 1.11328446054 -0.164864478332 3.28363345218
-2.07176335155 1.95450809064 0.230532410844 -2.07176335155 1.95450809064 0.230532410844
-3.00563107304 -0.558629301451 3.40031900552 -3.00563107304 -0.558629301451 3.40031900552
3.57308933667 4.24877441405 -1.01760186516 3.57308933667 4.24877441405 -1.01760186516
-1.64589658956 -3.53619001991 1.38382408006 -1.64589658956 -3.53619001991 1.38382408006
0.927871986478 -1.57017667203 -1.12369380774 0.927871986478 -1.57017667203 -1.12369380774
-2.07418040573 -1.29382779477 -0.113250022895 -2.35695232865 -1.0355525596 -0.275078849544
1.42448555368 3.98639819232 0.53126395408 1.42448555368 3.98639819232 0.53126395408
-0.50660458026 -1.63959329058 2.04657825815 -0.50660458026 -1.63959329058 2.04657825815
-2.17636254616 -2.26975129498 0.25002282928 -2.17636254616 -2.26975129498 0.25002282928
1.77110779146 -1.85267716691 4.59573644606 1.77110779146 -1.85267716691 4.59573644606
-0.620241883683 -1.43356846321 -0.738396820744 -0.620241883683 -1.43356846321 -0.738396820744
5.40058210116 2.29990572934 -3.06491793514 5.40058210116 2.29990572934 -3.06491793514
-2.13069675395 1.31274544398 0.601558883773 -2.13069675395 1.31274544398 0.601558883773
-1.74815960213 4.2484641133 0.0114530948144 -1.74815960213 4.2484641133 0.0114530948144
0.147377844089 0.0507152569749 0.538608351679 0.147377844089 0.0507152569749 0.538608351679
-1.23179509401 -1.51451601872 0.0357677647908 -0.797109778473 -1.53750360802 -0.620562114079
-1.03783044839 -3.29505939589 0.75896829572 -1.03783044839 -3.29505939589 0.75896829572
-1.19225766309 -2.73960377969 1.28200761115 -1.19225766309 -2.73960377969 1.28200761115
1.17304992593 -1.72057558899 1.70732424167 1.43586289829 -1.41334720725 1.79155999901
-0.600957507056 -4.67758316575 0.178155850434 -0.600957507056 -4.67758316575 0.178155850434
-1.56575838419 -0.0372977291991 0.301739469065 -1.56575838419 -0.0372977291991 0.301739469065
3.23457140472 2.61290170113 -2.09062439571 3.23457140472 2.61290170113 -2.09062439571
-5.84798624952 1.08765192165 -1.91991951482 -5.84798624952 1.08765192165 -1.91991951482
0.638392267022 -2.52163154461 0.198637780971 0.638392267022 -2.52163154461 0.198637780971
0.558540582396 -2.20410706652 -5.6643714008 0.558540582396 -2.20410706652 -5.6643714008
0.086701376072 2.32297068953 -0.525878248631 0.653025060026 2.40333753929 -0.287910056245
-4.39216889011 -1.28506953217 -0.4446246299 -4.39216889011 -1.28506953217 -0.4446246299
-0.842273522071 0.375555865331 -1.06629432744 -1.31032696247 0.359914683656 -0.600207275492
-0.793810285416 -0.12063330377 1.01669254283 -0.793810285416 -0.12063330377 1.01669254283
-2.59807326557 -0.374402291253 -0.499618988627 -2.59807326557 -0.374402291253 -0.499618988627
1.23068547533 2.11276794606 -0.0272239103536 1.23068547533 2.11276794606 -0.0272239103536
-2.27246516673 -2.91401736792 -0.501043448945 -2.27246516673 -2.91401736792 -0.501043448945
-2.91472416759 1.49388512621 1.11538568485 -2.91472416759 1.49388512621 1.11538568485
1.47559876203 2.89240407691 -1.23015736559 1.47559876203 2.89240407691 -1.23015736559
-0.596615596 1.75726192748 -1.18636913046 -0.596615596 1.75726192748 -1.18636913046
1.01972035262 -1.3932223576 -1.61962797983 1.01972035262 -1.3932223576 -1.61962797983
0.540976824292 -0.599285982396 -3.2373185222 0.540976824292 -0.599285982396 -3.2373185222
-0.622771895704 -3.22793893168 0.680199543195 -0.325104138492 -3.17392455238 1.32653930719
-0.332083773242 1.06651805098 3.18585946168 -0.332083773242 1.06651805098 3.18585946168
0.0891104539979 0.164049895568 -2.51541646188 0.0891104539979 0.164049895568 -2.51541646188
6.00939992466 -2.4127936888 -0.290495609551 6.00939992466 -2.4127936888 -0.290495609551
0.0976610071455 -0.323525519138 -0.452674258388 0.132503825077 -0.575364196409 0.0880660987654
-0.475208535402 -0.287559334404 -1.2941808308 -0.475208535402 -0.287559334404 -1.2941808308
0.195652728228 1.0613029002 1.6957509716 0.195652728228 1.0613029002 1.6957509716
-0.216285967747 3.01774874672 -1.7629398443 -0.387794694288 2.42259393944 -1.73984572115
2.71532579065 -0.547365570569 0.061365363757 2.71532579065 -0.547365570569 0.061365363757
-3.96199221125 1.48899112723 -2.072108664 -3.96199221125 1.48899112723 -2.072108664
3.49536874345 -4.8740449541 3.17035823033 3.49536874345 -4.8740449541 3.17035823033
-0.623583021457 -0.166096388696 1.25949907318 -0.896834829549 -0.058933615994 0.997540860038
-0.544987257085 -0.992034265386 -0.873649828545 -0.372984629671 -0.742916174103 -0.893427795913
2.05948903471 -1.8984555594 -0.435270816992 2.05948903471 -1.8984555594 -0.435270816992
0.0461552868101 2.43606015534 2.79113238731 0.0461552868101 2.43606015534 2.79113238731
3.39582407365 -2.61859538432 -1.52661777287 3.39582407365 -2.61859538432 -1.52661777287
1.35017323479 -0.928510477436 0.431573369318 1.35017323479 -0.928510477436 0.431573369318
0.518753169331 -0.0165639234534 0.359401036647 0.518753169331 -0.0165639234534 0.359401036647
-0.170336408365 4.34858522698 3.13236042561 -0.170336408365 4.34858522698 3.13236042561
-0.374696116096 0.478896686221 -0.31291611626 -0.791256140767 0.980363409747 0.213057551429
-4.09776977557 3.09865864613 -1.6378779825 -4.09776977557 3.09865864613 -1.6378779825
-0.424713921055 -2.01354643037 0.145920697998 -0.424713921055 -2.01354643037 0.145920697998
1.83957957859 2.06020146308 -4.52057379817 1.83957957859 2.06020146308 -4.52057379817
-1.18859905777 1.92178391633 -1.29515531915 -1.18859905777 1.92178391633 -1.29515531915
-1.67770856248 1.01415253528 0.665572513961 -1.67770856248 1.01415253528 0.665572513961
0.633994786692 2.57684195505 -0.0206261453067 0.170808833721 2.86226527658 -0.356577273658
-4.04337486996 1.20122304944 -0.921873135507 -4.04337486996 1.20122304944 -0.921873135507
0.252095027829 -1.11648274268 1.46887166851 -0.335672799451 -0.381109198292 1.62304861189
0.679827984556 1.45202939774 -1.05748463299 0.900651796622 1.21164340157 -1.16230874309
2.12785123229 1.44659030537 1.40472259002 2.12785123229 1.44659030537 1.40472259002
1.97650426911 1.13515432993 0.950719923479 1.97650426911 1.13515432993 0.950719923479
0.232682851768 -0.192461124254 -1.11624018677 0.0915271453716 -0.246370794631 -0.607097534855
-2.8207755701 4.01555254916 -0.302823930846 -2.8207755701 4.01555254916 -0.302823930846
-0.558360925031 -2.61904436828 1.0091511186 -0.558360925031 -2.61904436828 1.0091511186
2.20171968845 0.709982037222 1.68350395777 2.20171968845 0.709982037222 1.68350395777
0.422179621002 -2.47317441033 0.40877993279 0.422179621002 -2.47317441033 0.40877993279
1.31924469352 0.797275859772 2.48583208261 1.31924469352 0.797275859772 2.48583208261
-0.356618907786 1.48301718099 -1.8025452583 -0.356618907786 1.48301718099 -1.8025452583
0.0915271453716 -0.246370794631 -0.607097534855 0.0976610071455 -0.323525519138 -0.452674258388
2.1380870267 -2.47042387478 -0.291445618663 2.1380870267 -2.47042387478 -0.291445618663
1.50551115882 -3.34378722089 -0.540090676279 1.50551115882 -3.34378722089 -0.540090676279
-0.683017701395 0.59727461963 -0.706845823552 -0.842273522071 0.375555865331 -1.06629432744
-2.7891978628 2.20972638106 -1.95730125167 -2.84249771316 2.19676557994 -1.67019878134
-0.721380954947 0.208502736617 -3.46038878786 -0.721380954947 0.208502736617 -3.46038878786
0.207394173053 -0.3391617429 1.56941438219 -0.114347657126 -0.671210653825 1.61134803351
2.50720920498 0.246380166581 -3.13118524813 2.50720920498 0.246380166581 -3.13118524813
-1.30290051617 2.63371924325 1.41751322969 -1.07092798983 2.11200331877 1.14053438293
-8.11977520025 1.23623876963 -2.12012880114 -8.11977520025 1.23623876963 -2.12012880114
2.09615546996 0.257099939486 1.52819427998 2.09615546996 0.257099939486 1.52819427998
-1.49444639836 -1.03621386386 4.36449732975 -1.49444639836 -1.03621386386 4.36449732975
1.90526195421 1.39782649594 -1.3533351284 1.90526195421 1.39782649594 -1.3533351284
-2.30401329066 3.53130556217 4.49717891086 -2.30401329066 3.53130556217 4.49717891086
-0.644244514469 2.46272322561 3.41874847247 -0.644244514469 2.46272322561 3.41874847247
-2.55024116715 1.34512247059 -3.65891334648 -2.55024116715 1.34512247059 -3.65891334648
-0.372984629671 -0.742916174103 -0.893427795913 -0.544987257085 -0.992034265386 -0.873649828545
-1.04522433205 1.40387508058 0.386050636244 -1.04522433205 1.40387508058 0.386050636244
1.30000814999 0.311639498581 -2.35247373028 1.30000814999 0.311639498581 -2.35247373028
1.74950975868 3.36773367012 0.774801711209 1.74950975868 3.36773367012 0.774801711209
0.320530460704 2.55287271616 1.82935706105 0.320530460704 2.55287271616 1.82935706105
1.17281552451 2.36317560428 -4.07573057385 1.17281552451 2.36317560428 -4.07573057385
-0.525941901194 3.4258358051 -0.00521671819158 -0.525941901194 3.4258358051 -0.00521671819158
0.571508353078 3.33936687745 -1.98936550002 0.571508353078 3.33936687745 -1.98936550002
1.21531012234 1.1702137963 -1.09845473539 1.21531012234 1.1702137963 -1.09845473539
1.43293617486 -0.612612856256 2.13417607685 1.43293617486 -0.612612856256 2.13417607685
0.136992371312 -0.694558462336 -0.350729002193 0.136992371312 -0.694558462336 -0.350729002193
-2.44267390717 -0.0466936041038 1.05949486664 -2.44267390717 -0.0466936041038 1.05949486664
1.08839754925 3.84481236258 -1.53481300259 1.08839754925 3.84481236258 -1.53481300259
1.3436277169 -0.351838605883 -0.172800468709 1.3436277169 -0.351838605883 -0.172800468709
-1.75969414803 0.267146637841 0.0156273823952 -1.58271326731 -0.116613371691 0.459445864439
-2.24638428904 -1.15646929299 0.362615285675 -2.24638428904 -1.15646929299 0.362615285675
-1.70491362223 2.33143753185 -0.218207963051 -1.70491362223 2.33143753185 -0.218207963051
-1.15273531684 -1.60805390866 -1.05935646973 -1.15273531684 -1.60805390866 -1.05935646973
-5.10173562661 -2.10285429975 1.67371889726 -5.10173562661 -2.10285429975 1.67371889726
0.348260409889 -2.01770072831 1.12876570526 0.157715924174 -1.76030937636 1.10826802556
1.24011091928 -1.84150931635 -2.57139264381 1.24011091928 -1.84150931635 -2.57139264381
-2.4382774034 2.25804350241 -0.0590297407451 -2.4382774034 2.25804350241 -0.0590297407451
-2.48587083613 2.45684861947 -1.99669851513 -2.79274596293 2.71664433686 -1.72179036579
-0.0524738532404 0.854864588212 -0.190430628305 -0.0524738532404 0.854864588212 -0.190430628305
-0.575528695468 1.12380056625 -1.51466906301 -0.575528695468 1.12380056625 -1.51466906301
2.64220472492 1.78856565244 -1.04286824211 2.64220472492 1.78856565244 -1.04286824211
-4.33255686783 -1.18510484802 -0.258184303788 -4.33255686783 -1.18510484802 -0.258184303788
2.43740124102 1.4838045365 1.4064537604 2.43740124102 1.4838045365 1.4064537604
-0.0833252038926 -0.455232974092 1.6390792293 0.207394173053 -0.3391617429 1.56941438219
-0.114347657126 -0.671210653825 1.61134803351 -0.0833252038926 -0.455232974092 1.6390792293
-0.458834791589 2.04068754804 3.99713515407 -0.458834791589 2.04068754804 3.99713515407
-1.61562640582 -1.27654123086 -0.183815543463 -1.61562640582 -1.27654123086 -0.183815543463
3.63033386289 -1.79282533207 0.987580186512 3.63033386289 -1.79282533207 0.987580186512
2.21438222205 -0.423952937094 2.41445626278 1.83181238436 -0.564605140252 1.68034128595
-1.10625602316 5.61504470752 -3.19386649313 -1.10625602316 5.61504470752 -3.19386649313
-1.51931950724 -2.42263286587 2.07207453185 -1.51931950724 -2.42263286587 2.07207453185
1.57054588482 -1.02946578401 3.20256569919 1.57054588482 -1.02946578401 3.20256569919
-1.31032696247 0.359914683656 -0.600207275492 -0.709220874916 0.493769405764 -0.869850166694
3.71135261202 2.45309509421 2.03006422579 3.71135261202 2.45309509421 2.03006422579
7.22963023411 -2.48245617722 -1.98285674201 7.22963023411 -2.48245617722 -1.98285674201
-0.267739660413 -3.31521038837 1.18498403948 -0.622771895704 -3.22793893168 0.680199543195
-6.27819550012 -1.41012525112 0.971263390608 -6.27819550012 -1.41012525112 0.971263390608
3.09115059352 -1.27012223755 -2.47114192475 3.09115059352 -1.27012223755 -2.47114192475
-0.948547006889 -2.31016207768 0.119008410513 -0.948547006889 -2.31016207768 0.119008410513
-0.269994845181 -0.475304680172 -2.81498144218 -0.269994845181 -0.475304680172 -2.81498144218
-3.52525658553 -2.58434857801 -0.828393873649 -3.52525658553 -2.58434857801 -0.828393873649
-0.877411727481 -5.01569591176 3.97725710565 -0.877411727481 -5.01569591176 3.97725710565
-2.03358393229 1.64751303476 1.60344743877 -2.03358393229 1.64751303476 1.60344743877
-3.23073724867 0.228459409348 -0.796031832348 -3.23073724867 0.228459409348 -0.796031832348
1.06213770683 -1.39488991319 2.30055564121 1.06213770683 -1.39488991319 2.30055564121
-0.907784659791 1.61103004157 -3.98286778525 -0.907784659791 1.61103004157 -3.98286778525
-1.00694694489 -3.09972952482 -3.84657695311 -1.00694694489 -3.09972952482 -3.84657695311
0.636596475252 3.35722267388 0.914201580394 0.636596475252 3.35722267388 0.914201580394
-2.40540687089 -2.34949278056 -1.78483458625 -2.40540687089 -2.34949278056 -1.78483458625
-0.835943536074 0.200628193749 1.32098267197 -0.835943536074 0.200628193749 1.32098267197
0.805622548936 0.524670459544 -1.66715272865 0.805622548936 0.524670459544 -1.66715272865
0.384969419175 0.497022867345 -0.395204857449 0.00431138413825 0.39492011716 -0.861597381696
4.18707438614 2.29168823073 3.19726413089 4.18707438614 2.29168823073 3.19726413089
2.25073813439 -1.72598689096 0.449366629503 2.25073813439 -1.72598689096 0.449366629503
-0.00991686105234 0.798056153475 -0.566529733746 -0.00991686105234 0.798056153475 -0.566529733746
0.653025060026 2.40333753929 -0.287910056245 0.633994786692 2.57684195505 -0.0206261453067
-3.61981355737 -1.15604939369 1.11263091476 -3.61981355737 -1.15604939369 1.11263091476
1.56073316484 -3.22291584951 0.538958377693 1.56073316484 -3.22291584951 0.538958377693
-3.25847200152 1.92375660963 -2.66619923574 -3.25847200152 1.92375660963 -2.66619923574
-3.05224480259 1.9752024196 3.70454695054 -3.05224480259 1.9752024196 3.70454695054
-0.272254718872 -2.05589674719 -2.26228721898 -0.272254718872 -2.05589674719 -2.26228721898
-1.61136781915 -1.58699772184 -6.7012745694 -1.61136781915 -1.58699772184 -6.7012745694
-0.791256140767 0.980363409747 0.213057551429 -0.240323812813 0.859130557759 0.233317657241
1.11234614786 1.59163248562 -2.87168688432 1.11234614786 1.59163248562 -2.87168688432
-0.335672799451 -0.381109198292 1.62304861189 -0.339403129135 -0.976486700229 1.52722075495
0.707825206542 -1.78789973026 0.704608421666 0.707825206542 -1.78789973026 0.704608421666
-0.292769166488 2.79105446694 -2.97056603 -0.292769166488 2.79105446694 -2.97056603
-0.279552488037 1.51811335061 -2.12374938789 -0.279552488037 1.51811335061 -2.12374938789
-2.07888130074 -4.79881876072 1.16337535764 -2.07888130074 -4.79881876072 1.16337535764
-1.60416060054 -1.84282685841 -2.31004115177 -1.60416060054 -1.84282685841 -2.31004115177
0.0707871710634 -0.3865064494 -0.500752513323 0.480828098872 -0.79716396022 -0.81831184745
0.798993390458 -1.87504724381 1.56044551382 0.798993390458 -1.87504724381 1.56044551382
0.681457871412 0.524742127388 -0.391054920094 0.457783394337 0.564899338194 -0.178410701277
-1.0424963283 3.03296328847 1.04591780288 -0.977370515377 2.9737366229 0.071344426807
2.39161699018 6.47308676387 0.2327919199 2.39161699018 6.47308676387 0.2327919199
0.929383478691 -0.34595524254 1.13932990708 0.929383478691 -0.34595524254 1.13932990708
-1.07092798983 2.11200331877 1.14053438293 -1.30290051617 2.63371924325 1.41751322969
-1.20034833707 -0.23777301285 -0.0897037219828 -1.20034833707 -0.23777301285 -0.0897037219828
-0.0555702153221 0.0299342304391 2.32950179398 -0.19896857654 0.505660071846 2.1310971113
0.26408607052 -2.87453810819 3.13250652711 0.26408607052 -2.87453810819 3.13250652711
1.86167191443 -4.18851092394 -2.44251284552 1.86167191443 -4.18851092394 -2.44251284552
-1.70482566395 5.36433878305 2.22352891774 -1.70482566395 5.36433878305 2.22352891774
1.41709135119 -1.50639124965 -1.55446934109 1.41709135119 -1.50639124965 -1.55446934109
1.46433195298 -2.05741906415 2.80078249473 1.46433195298 -2.05741906415 2.80078249473
1.93303843696 -3.75781099922 4.1110793685 1.93303843696 -3.75781099922 4.1110793685
-1.64312872444 -1.036095815 4.42663216594 -1.64312872444 -1.036095815 4.42663216594
-0.716575233989 0.832782409095 -3.75021896371 -0.716575233989 0.832782409095 -3.75021896371
1.98764952652 4.26018761166 0.828752820467 1.98764952652 4.26018761166 0.828752820467
5.40441447376 -3.26424563624 -0.780028830686 5.40441447376 -3.26424563624 -0.780028830686
-1.427352532 1.17806732674 1.1329848419 -1.427352532 1.17806732674 1.1329848419
0.00431138413825 0.39492011716 -0.861597381696 0.384969419175 0.497022867345 -0.395204857449
-0.339403129135 -0.976486700229 1.52722075495 0.252095027829 -1.11648274268 1.46887166851
-0.855903023927 -2.20404348063 -1.32582586261 -0.855903023927 -2.20404348063 -1.32582586261
-2.90402760569 0.655758516203 1.86055489762 -2.90402760569 0.655758516203 1.86055489762
2.57758383278 -1.94905945519 2.36948608919 2.57758383278 -1.94905945519 2.36948608919
-1.18403260693 3.48661352146 -3.10024914095 -1.18403260693 3.48661352146 -3.10024914095
-0.797109778473 -1.53750360802 -0.620562114079 -1.23179509401 -1.51451601872 0.0357677647908
-1.28897444083 1.72068593702 -3.5555099953 -1.28897444083 1.72068593702 -3.5555099953
-1.67383671792 -0.414642691467 0.23758078275 -1.28302066256 -0.557034777904 0.140754529871
-1.81649915875 3.20727385536 0.579020963886 -1.81649915875 3.20727385536 0.579020963886
-1.91813669002 -1.62491405982 -2.60452288868 -1.38634311226 -1.7340597228 -2.81724547172
4.64410504899 1.68683576852 -0.0724572106069 4.64410504899 1.68683576852 -0.0724572106069
0.900651796622 1.21164340157 -1.16230874309 0.679827984556 1.45202939774 -1.05748463299
-2.35695232865 -1.0355525596 -0.275078849544 -2.07418040573 -1.29382779477 -0.113250022895
1.27075891571 1.05555845289 -0.538816200521 1.27075891571 1.05555845289 -0.538816200521
-0.977370515377 2.9737366229 0.071344426807 -1.0424963283 3.03296328847 1.04591780288
-0.111666508757 2.00270241258 0.723149774651 -0.111666508757 2.00270241258 0.723149774651
1.83181238436 -0.564605140252 1.68034128595 2.21438222205 -0.423952937094 2.41445626278
1.84770164075 -0.0759685585053 -2.04586047373 2.1880900909 0.253284327751 -2.26948041585
-1.05760747326 -0.214567751891 -6.16090687947 -1.05760747326 -0.214567751891 -6.16090687947
-0.498917457412 -2.65403314052 1.47267619634 -0.498917457412 -2.65403314052 1.47267619634
0.0491927921855 -0.9775084513 -1.14508956621 0.232682851768 -0.192461124254 -1.11624018677
-1.07474212992 -0.988859859597 -0.495651670554 -1.03082164093 -0.78057211296 -0.249719524153
2.18419900253 1.86884240857 -5.01253627066 2.18419900253 1.86884240857 -5.01253627066
-0.896834829549 -0.058933615994 0.997540860038 -0.623583021457 -0.166096388696 1.25949907318
-2.8002655031 -1.07962656655 1.47937766695 -2.8002655031 -1.07962656655 1.47937766695
0.700978136368 -0.0298822586714 1.03099748692 0.700978136368 -0.0298822586714 1.03099748692
-0.531041867756 -0.553851841612 3.08970887568 -0.531041867756 -0.553851841612 3.08970887568
-1.58271326731 -0.116613371691 0.459445864439 -1.48045523142 0.0563620402997 0.595671471981
2.29715888708 2.45854040086 1.48781595538 2.29715888708 2.45854040086 1.48781595538
-1.69525115187 4.49936413699 -1.94984641491 -1.69525115187 4.49936413699 -1.94984641491
-0.0412754066263 -5.17112675002 0.717181463508 -0.0412754066263 -5.17112675002 0.717181463508
1.59592275554 3.85394137191 1.50209035254 1.59592275554 3.85394137191 1.50209035254
-0.325104138492 -3.17392455238 1.32653930719 -0.267739660413 -3.31521038837 1.18498403948
0.170808833721 2.86226527658 -0.356577273658 0.086701376072 2.32297068953 -0.525878248631
-3.97320636191 0.464030665464 3.66280696853 -3.97320636191 0.464030665464 3.66280696853
1.60607622043 1.39910694831 0.427244959479 1.60607622043 1.39910694831 0.427244959479
3.00369030388 2.35168708316 -2.43753097362 3.00369030388 2.35168708316 -2.43753097362
-1.03082164093 -0.78057211296 -0.249719524153 -1.07474212992 -0.988859859597 -0.495651670554
-1.69959267454 -0.30864483418 -2.82357195994 -1.69959267454 -0.30864483418 -2.82357195994
0.253392309121 -1.873338401 0.613980288828 0.253392309121 -1.873338401 0.613980288828
-0.585277631621 0.936565478148 0.791441769499 -0.585277631621 0.936565478148 0.791441769499
0.947354968846 -0.375820576572 -2.61573573382 0.947354968846 -0.375820576572 -2.61573573382
-3.04549902744 2.6397733064 -0.596222742825 -3.04549902744 2.6397733064 -0.596222742825
-2.55698066921 -0.123988371629 1.56074093588 -2.55698066921 -0.123988371629 1.56074093588
3.94819996311 -0.911374157988 -1.84972005216 3.94819996311 -0.911374157988 -1.84972005216
2.45381502545 -0.459564231367 -3.48294579003 2.45381502545 -0.459564231367 -3.48294579003
1.25038268844 -4.75473325284 5.22057615646 1.25038268844 -4.75473325284 5.22057615646
3.39079109279 -2.39140665477 -2.19685536753 3.39079109279 -2.39140665477 -2.19685536753
2.1880900909 0.253284327751 -2.26948041585 1.84770164075 -0.0759685585053 -2.04586047373
0.480828098872 -0.79716396022 -0.81831184745 0.0491927921855 -0.9775084513 -1.14508956621
-0.74774186097 5.63593344173 1.35779887324 -0.74774186097 5.63593344173 1.35779887324
-0.128305103391 1.85615413579 0.110168328763 -0.128305103391 1.85615413579 0.110168328763
-1.48045523142 0.0563620402997 0.595671471981 -1.75969414803 0.267146637841 0.0156273823952
-1.23900890937 -1.81014175586 0.00970318337149 -1.23900890937 -1.81014175586 0.00970318337149
0.700377897296 -0.130579613992 4.10313867732 0.700377897296 -0.130579613992 4.10313867732
-2.84249771316 2.19676557994 -1.67019878134 -2.7891978628 2.20972638106 -1.95730125167
-1.39375180502 -0.664855948122 1.20677410274 -1.39375180502 -0.664855948122 1.20677410274
-1.82593415838 -0.969612400323 -2.33814265349 -1.82593415838 -0.969612400323 -2.33814265349
-0.19896857654 0.505660071846 2.1310971113 -0.0555702153221 0.0299342304391 2.32950179398
2.02859922727 -0.424494068574 1.1800592532 2.02859922727 -0.424494068574 1.1800592532
-3.12882250196 -1.1381219079 0.673955056281 -3.12882250196 -1.1381219079 0.673955056281
2.02302868416 0.151923373934 2.67419039676 2.02302868416 0.151923373934 2.67419039676
-0.19532392596 -0.918992029393 0.841487410769 -0.19532392596 -0.918992029393 0.841487410769
-0.864238042076 -1.17231346437 2.89657108649 -0.864238042076 -1.17231346437 2.89657108649
-2.62472125262 -0.252456740872 0.0129678784136 -2.62472125262 -0.252456740872 0.0129678784136
2.36438987688 0.246634046639 5.98233150048 2.36438987688 0.246634046639 5.98233150048
1.04386798752 -0.401440386691 0.282371939448 1.04386798752 -0.401440386691 0.282371939448
-0.387794694288 2.42259393944 -1.73984572115 -0.216285967747 3.01774874672 -1.7629398443
-1.73031666829 -1.43064835596 4.55936158451 -1.73031666829 -1.43064835596 4.55936158451
-1.28302066256 -0.557034777904 0.140754529871 -1.67383671792 -0.414642691467 0.23758078275
2.4138175874 -1.20359498809 0.188414735305 2.4138175874 -1.20359498809 0.188414735305
-4.34019482436 1.38728937452 -2.62269575298 -4.34019482436 1.38728937452 -2.62269575298
2.51608198589 -1.73647469774 -3.04206055778 2.51608198589 -1.73647469774 -3.04206055778
-0.129799633664 1.92842232055 1.78583560115 -0.129799633664 1.92842232055 1.78583560115
-0.709220874916 0.493769405764 -0.869850166694 -0.683017701395 0.59727461963 -0.706845823552
-2.37403357227 -4.48551026473 2.03851957204 -2.37403357227 -4.48551026473 2.03851957204
