0.655324712856 0.813033400434
0.876665427392 0.506984811146
0.0998186108977 0.213705022208
0.753883442017 0.420635970877
0.725800520262 0.278285577669
0.0639887946659 0.949239375919
0.00651509520972 0.830532100657
0.73828555244 0.064630916742
0.0568477330136 0.606914846442
0.225289996743 0.324569910435
0.404073207833 0.865870133641
0.915532855357 0.329316295213
0.948162464828 0.952128311519
0.254953612795 0.122954861303
0.793314585063 0.729417641023
0.20922385376 0.887998672163
0.328277587036 0.224433401956
0.548038905645 0.193509745767
0.413482768312 0.278253193965
0.0454337806228 0.713596010728
0.332101895065 0.446906140113
0.477788170535 0.674865761797
0.497202374406 0.919472341169
0.153512517996 0.603117290741
0.235514789261 0.216554881931
0.126106416948 0.763620958661
0.305177979414 0.55319645897
0.534963461471 0.298353814016
0.499141987568 0.483677214195
0.440434331936 0.781358783766
0.17462881898 0.49870733984
0.367854848877 0.702850270359
0.22285943655 0.789627922429
0.399895234893 0.163297369739
0.318116665937 0.329170306684
0.0494897177836 0.499361548695
0.412874240107 0.545596582527
0.2448124835 0.692268858164
0.952266370392 0.706350400356
0.408956984937 0.0691561170348
0.303744542118 0.0419887728222
0.943409297637 0.117667989266
0.425911304417 0.979015299573
0.614736643814 0.362871775728
0.558504629402 0.606865443785
0.605346587092 0.693342200487
0.671698303509 0.504182656191
0.704511203068 0.892144969881
0.542719361638 0.0902499071011
0.797012435757 0.993348676287
0.125285963527 0.116756781776
0.853520194448 0.219574627985
0.780467678427 0.533990592922
0.774427970495 0.167255580262
0.820041580502 0.901694974187
0.883451229032 0.794898994152
0.841846624196 0.076917586924
0.306389674553 0.928940603497
0.0359123688613 0.330582042327
0.677645253258 0.195197866443
0.957180320043 0.451517152454
0.951874993285 0.568631109947
0.00782980523441 0.206413492949
0.214123831621 0.996536251977
