0.0324229373264 0.0324229373264
0.0324229373264 0.0947665456829
0.0324229373264 0.157110154039
0.0324229373264 0.219453762396
0.0324229373264 0.281797370752
0.0324229373264 0.344140979109
0.0324229373264 0.406484587465
0.0324229373264 0.468828195822
0.0324229373264 0.531171804178
0.0324229373264 0.593515412535
0.0324229373264 0.655859020891
0.0324229373264 0.718202629248
0.0324229373264 0.780546237604
0.0324229373264 0.842889845961
0.0324229373264 0.905233454317
0.0324229373264 0.967577062674
0.0947665456829 0.0324229373264
0.0947665456829 0.0947665456829
0.0947665456829 0.157110154039
0.0947665456829 0.219453762396
0.0947665456829 0.281797370752
0.0947665456829 0.344140979109
0.0947665456829 0.406484587465
0.0947665456829 0.468828195822
0.0947665456829 0.531171804178
0.0947665456829 0.593515412535
0.0947665456829 0.655859020891
0.0947665456829 0.718202629248
0.0947665456829 0.780546237604
0.0947665456829 0.842889845961
0.0947665456829 0.905233454317
0.0947665456829 0.967577062674
0.157110154039 0.0324229373264
0.157110154039 0.0947665456829
0.157110154039 0.157110154039
0.157110154039 0.219453762396
0.157110154039 0.281797370752
0.157110154039 0.344140979109
0.157110154039 0.406484587465
0.157110154039 0.468828195822
0.157110154039 0.531171804178
0.157110154039 0.593515412535
0.157110154039 0.655859020891
0.157110154039 0.718202629248
0.157110154039 0.780546237604
0.157110154039 0.842889845961
0.157110154039 0.905233454317
0.157110154039 0.967577062674
0.219453762396 0.0324229373264
0.219453762396 0.0947665456829
0.219453762396 0.157110154039
0.219453762396 0.219453762396
0.219453762396 0.281797370752
0.219453762396 0.344140979109
0.219453762396 0.406484587465
0.219453762396 0.468828195822
0.219453762396 0.531171804178
0.219453762396 0.593515412535
0.219453762396 0.655859020891
0.219453762396 0.718202629248
0.219453762396 0.780546237604
0.219453762396 0.842889845961
0.219453762396 0.905233454317
0.219453762396 0.967577062674
0.281797370752 0.0324229373264
0.281797370752 0.0947665456829
0.281797370752 0.157110154039
0.281797370752 0.219453762396
0.281797370752 0.281797370752
0.281797370752 0.344140979109
0.281797370752 0.406484587465
0.281797370752 0.468828195822
0.281797370752 0.531171804178
0.281797370752 0.593515412535
0.281797370752 0.655859020891
0.281797370752 0.718202629248
0.281797370752 0.780546237604
0.281797370752 0.842889845961
0.281797370752 0.905233454317
0.281797370752 0.967577062674
0.344140979109 0.0324229373264
0.344140979109 0.0947665456829
0.344140979109 0.157110154039
0.344140979109 0.219453762396
0.344140979109 0.281797370752
0.344140979109 0.344140979109
0.344140979109 0.406484587465
0.344140979109 0.468828195822
0.344140979109 0.531171804178
0.344140979109 0.593515412535
0.344140979109 0.655859020891
0.344140979109 0.718202629248
0.344140979109 0.780546237604
0.344140979109 0.842889845961
0.344140979109 0.905233454317
0.344140979109 0.967577062674
0.406484587465 0.0324229373264
0.406484587465 0.0947665456829
0.406484587465 0.157110154039
0.406484587465 0.219453762396
0.406484587465 0.281797370752
0.406484587465 0.344140979109
0.406484587465 0.406484587465
0.406484587465 0.468828195822
0.406484587465 0.531171804178
0.406484587465 0.593515412535
0.406484587465 0.655859020891
0.406484587465 0.718202629248
0.406484587465 0.780546237604
0.406484587465 0.842889845961
0.406484587465 0.905233454317
0.406484587465 0.967577062674
0.468828195822 0.0324229373264
0.468828195822 0.0947665456829
0.468828195822 0.157110154039
0.468828195822 0.219453762396
0.468828195822 0.281797370752
0.468828195822 0.344140979109
0.468828195822 0.406484587465
0.468828195822 0.468828195822
0.468828195822 0.531171804178
0.468828195822 0.593515412535
0.468828195822 0.655859020891
0.468828195822 0.718202629248
0.468828195822 0.780546237604
0.468828195822 0.842889845961
0.468828195822 0.905233454317
0.468828195822 0.967577062674
0.531171804178 0.0324229373264
0.531171804178 0.0947665456829
0.531171804178 0.157110154039
0.531171804178 0.219453762396
0.531171804178 0.281797370752
0.531171804178 0.344140979109
0.531171804178 0.406484587465
0.531171804178 0.468828195822
0.531171804178 0.531171804178
0.531171804178 0.593515412535
0.531171804178 0.655859020891
0.531171804178 0.718202629248
0.531171804178 0.780546237604
0.531171804178 0.842889845961
0.531171804178 0.905233454317
0.531171804178 0.967577062674
0.593515412535 0.0324229373264
0.593515412535 0.0947665456829
0.593515412535 0.157110154039
0.593515412535 0.219453762396
0.593515412535 0.281797370752
0.593515412535 0.344140979109
0.593515412535 0.406484587465
0.593515412535 0.468828195822
0.593515412535 0.531171804178
0.593515412535 0.593515412535
0.593515412535 0.655859020891
0.593515412535 0.718202629248
0.593515412535 0.780546237604
0.593515412535 0.842889845961
0.593515412535 0.905233454317
0.593515412535 0.967577062674
0.655859020891 0.0324229373264
0.655859020891 0.0947665456829
0.655859020891 0.157110154039
0.655859020891 0.219453762396
0.655859020891 0.281797370752
0.655859020891 0.344140979109
0.655859020891 0.406484587465
0.655859020891 0.468828195822
0.655859020891 0.531171804178
0.655859020891 0.593515412535
0.655859020891 0.655859020891
0.655859020891 0.718202629248
0.655859020891 0.780546237604
0.655859020891 0.842889845961
0.655859020891 0.905233454317
0.655859020891 0.967577062674
0.718202629248 0.0324229373264
0.718202629248 0.0947665456829
0.718202629248 0.157110154039
0.718202629248 0.219453762396
0.718202629248 0.281797370752
0.718202629248 0.344140979109
0.718202629248 0.406484587465
0.718202629248 0.468828195822
0.718202629248 0.531171804178
0.718202629248 0.593515412535
0.718202629248 0.655859020891
0.718202629248 0.718202629248
0.718202629248 0.780546237604
0.718202629248 0.842889845961
0.718202629248 0.905233454317
0.718202629248 0.967577062674
0.780546237604 0.0324229373264
0.780546237604 0.0947665456829
0.780546237604 0.157110154039
0.780546237604 0.219453762396
0.780546237604 0.281797370752
0.780546237604 0.344140979109
0.780546237604 0.406484587465
0.780546237604 0.468828195822
0.780546237604 0.531171804178
0.780546237604 0.593515412535
0.780546237604 0.655859020891
0.780546237604 0.718202629248
0.780546237604 0.780546237604
0.780546237604 0.842889845961
0.780546237604 0.905233454317
0.780546237604 0.967577062674
0.842889845961 0.0324229373264
0.842889845961 0.0947665456829
0.842889845961 0.157110154039
0.842889845961 0.219453762396
0.842889845961 0.281797370752
0.842889845961 0.344140979109
0.842889845961 0.406484587465
0.842889845961 0.468828195822
0.842889845961 0.531171804178
0.842889845961 0.593515412535
0.842889845961 0.655859020891
0.842889845961 0.718202629248
0.842889845961 0.780546237604
0.842889845961 0.842889845961
0.842889845961 0.905233454317
0.842889845961 0.967577062674
0.905233454317 0.0324229373264
0.905233454317 0.0947665456829
0.905233454317 0.157110154039
0.905233454317 0.219453762396
0.905233454317 0.281797370752
0.905233454317 0.344140979109
0.905233454317 0.406484587465
0.905233454317 0.468828195822
0.905233454317 0.531171804178
0.905233454317 0.593515412535
0.905233454317 0.655859020891
0.905233454317 0.718202629248
0.905233454317 0.780546237604
0.905233454317 0.842889845961
0.905233454317 0.905233454317
0.905233454317 0.967577062674
0.967577062674 0.0324229373264
0.967577062674 0.0947665456829
0.967577062674 0.157110154039
0.967577062674 0.219453762396
0.967577062674 0.281797370752
0.967577062674 0.344140979109
0.967577062674 0.406484587465
0.967577062674 0.468828195822
0.967577062674 0.531171804178
0.967577062674 0.593515412535
0.967577062674 0.655859020891
0.967577062674 0.718202629248
0.967577062674 0.780546237604
0.967577062674 0.842889845961
0.967577062674 0.905233454317
0.967577062674 0.967577062674
