0.0652188318946 0.0652188318946
0.0652188318946 0.189442022782
0.0652188318946 0.313665213669
0.0652188318946 0.437888404556
0.0652188318946 0.562111595444
0.0652188318946 0.686334786331
0.0652188318946 0.810557977218
0.0652188318946 0.934781168105
0.189442022782 0.0652188318946
0.189442022782 0.189442022782
0.189442022782 0.313665213669
0.189442022782 0.437888404556
0.189442022782 0.562111595444
0.189442022782 0.686334786331
0.189442022782 0.810557977218
0.189442022782 0.934781168105
0.313665213669 0.0652188318946
0.313665213669 0.189442022782
0.313665213669 0.313665213669
0.313665213669 0.437888404556
0.313665213669 0.562111595444
0.313665213669 0.686334786331
0.313665213669 0.810557977218
0.313665213669 0.934781168105
0.437888404556 0.0652188318946
0.437888404556 0.189442022782
0.437888404556 0.313665213669
0.437888404556 0.437888404556
0.437888404556 0.562111595444
0.437888404556 0.686334786331
0.437888404556 0.810557977218
0.437888404556 0.934781168105
0.562111595444 0.0652188318946
0.562111595444 0.189442022782
0.562111595444 0.313665213669
0.562111595444 0.437888404556
0.562111595444 0.562111595444
0.562111595444 0.686334786331
0.562111595444 0.810557977218
0.562111595444 0.934781168105
0.686334786331 0.0652188318946
0.686334786331 0.189442022782
0.686334786331 0.313665213669
0.686334786331 0.437888404556
0.686334786331 0.562111595444
0.686334786331 0.686334786331
0.686334786331 0.810557977218
0.686334786331 0.934781168105
0.810557977218 0.0652188318946
0.810557977218 0.189442022782
0.810557977218 0.313665213669
0.810557977218 0.437888404556
0.810557977218 0.562111595444
0.810557977218 0.686334786331
0.810557977218 0.810557977218
0.810557977218 0.934781168105
0.934781168105 0.0652188318946
0.934781168105 0.189442022782
0.934781168105 0.313665213669
0.934781168105 0.437888404556
0.934781168105 0.562111595444
0.934781168105 0.686334786331
0.934781168105 0.810557977218
0.934781168105 0.934781168105
