0.0718834948355 0.363728974734
0.816415237202 0.658261523635
0.955927858369 0.37199145779
0.267226932902 0.887313304893
0.877271243686 0.888840258291
0.737633000081 0.0666498869757
0.361337878947 0.652113298917
0.854958133963 0.979710947333
0.294673017488 0.786075439895
0.879905644577 0.730518209342
0.616793527228 0.347500233976
0.347807826106 0.565784658665
0.160564546786 0.810790274318
0.846611346693 0.110871727809
0.99335514415 0.211904443108
0.170090314046 0.075657783262
0.962798261425 0.879400181337
0.256890074559 0.365313730829
0.0495848415346 0.977631627448
0.43201716269 0.738905737753
0.785490964005 0.347576544944
0.00295561494135 0.805401418785
0.946511294482 0.529143671019
0.358826864032 0.102406199653
0.149193431428 0.232116524264
0.515057347296 0.290542031717
0.711700236309 0.445414785042
0.512106064197 0.473049110002
0.632491580722 0.588715289523
0.242044324965 0.0251188994401
0.243969239533 0.634407137179
0.52182284278 0.678312471023
0.504088626281 0.988066344861
0.620633617944 0.131924756632
0.0980205403713 0.594727832214
0.860597932436 0.539192545376
0.606327933593 0.886773001443
0.401581165993 0.0100068638666
0.563012175465 0.0728663314073
0.503116470583 0.880080860385
0.900308830983 0.297746065104
0.175686544097 0.316233081754
0.650250328962 0.222592147607
0.962721404166 0.098435425172
0.430195102609 0.436690543279
0.00228999750293 0.646371588657
0.743194124965 0.167310122851
0.797624377642 0.822502876567
0.637607421792 0.0370425342223
0.724683358611 0.277560360794
0.494672636105 0.158075287779
0.331643423691 0.952383050388
0.719372974493 0.555231143604
0.642527673065 0.779704652312
0.783633193713 0.492103528808
0.842596440075 0.200599121417
0.249534721564 0.169095199301
0.103984227383 0.898762140057
0.61242379008 0.501321872054
0.494012383939 0.583310429738
0.68634948253 0.864870739108
0.0775502269524 0.0945087600675
0.205393674863 0.53261066976
0.32109532182 0.28647948189
